03 RT
05 100
07 200
08 300
10 400
13 500
15 600
17 700
18 800
22 900
24 1000
25 1100
27 1200
34, 31 RT

34: REGIONS = [
    (440, 610, [("pvoigt", 0.4, 550, 5)]),
    (690, 1000, [("lorentz", 0.4, 770, 5), ("lorentz",0.4, 820, 5),("gauss", 0.05, 890, 5),("lorentz", 0.05, 930, 5),("lorentz", 0.4, 975, 5)]),
    (1300, 1700, [("lorentz", 0.4, 1400, 5), ("lorentz",0.4,1600,5)])
]

27: REGIONS = [
    (440, 610, [("pvoigt", 0.4, 550, 5)]),
    (650, 1000, [("lorentz", 0.8, 770, 5),("gauss", 0.1, 860, 8),("pvoigt", 0.4, 920, 5)]),
    (1400, 1500, [("pvoigt", 0.4, 1450, 5)])
]

25: REGIONS = [
    (440, 610, [("lorentz", 0.4, 550, 5)]),
    (650, 1000, [("lorentz", 0.8, 770, 5),("gauss", 0.1, 860, 8),("pvoigt", 0.4, 920, 5)]),
    (1350, 1600, [("pvoigt", 0.4, 1370, 5),("pvoigt", 0.4, 1450, 5),("pvoigt", 0.4, 1550, 5)])
]

24: REGIONS = [
    (440, 610, [("lorentz", 0.4, 550, 5)]),
    (650, 1000, [("lorentz", 0.8, 770, 5),("gauss", 0.1, 860, 8),("pvoigt", 0.4, 920, 5)]),
    (1350, 1600, [("pvoigt", 0.4, 1370, 5),("pvoigt", 0.4, 1450, 5),("pvoigt", 0.4, 1550, 5)])
]

22: REGIONS = [
    (440, 610, [("pvoigt", 0.4, 550, 5)]),
    (650, 1000, [("lorentz", 0.8, 770, 5),("gauss", 0.1, 860, 8),("pvoigt", 0.4, 920, 5)]),
    (1350, 1600, [("pvoigt", 0.4, 1370, 5),("pvoigt", 0.4, 1450, 5),("pvoigt", 0.4, 1550, 5)])
]

22 Improved: REGIONS = [
    (440, 1000, [("pvoigt", 0.4, 550, 5),("lorentz", 0.8, 770, 5),("gauss", 0.1, 860, 8),("pvoigt", 0.4, 920, 5)]),
    (1350, 1600, [("pvoigt", 0.4, 1370, 5),("pvoigt", 0.4, 1450, 5),("pvoigt", 0.4, 1550, 5)])
]

18: REGIONS = [
    (380, 1000, [("pvoigt", 0.4, 550, 5),("lorentz", 0.8, 770, 5),("gauss", 0.1, 860, 8),("pvoigt", 0.4, 920, 5)]),
    (1100, 1700, [("gauss", 0.4, 1250, 5),("pvoigt", 0.4, 1400, 5),("gauss", 0.4, 1550, 5)])
]

17: REGIONS = [
    (380, 1000, [("gauss", 0.4, 550, 5),("lorentz", 0.8, 770, 5),("gauss", 0.4, 920, 5)]),
    (1100, 1700, [("gauss", 0.4, 1250, 5),("gauss", 0.4, 1400, 5),("pvoigt", 0.4, 1550, 5)])
]

15: REGIONS = [
    (380, 1000, [("gauss", 0.4, 550, 5),("lorentz", 0.8, 770, 5),("lorentz", 0.4, 840, 5)]),
    (1100, 1700, [("gauss", 0.4, 1250, 5),("gauss", 0.4, 1400, 5),("pvoigt", 0.4, 1550, 5)])
]

13: REGIONS = [
    (380, 1000, [("gauss", 0.6, 550, 5),("lorentz", 0.8, 770, 5),("lorentz", 0.8, 840, 5)]),
    (1250, 1500, [("gauss", 1, 1400, 5)])
]

3: REGIONS = [
    (380, 1000, [("gauss", 0.6, 550, 5),("lorentz", 0.8, 770, 5),("lorentz", 0.8, 840, 5)]),
    (1250, 1500, [("gauss", 1, 1400, 5)])
]

34: REGIONS = [
    (400, 650, [("pvoigt", 0.05, 420, 5),("pvoigt", 0.2, 550, 5),("pvoigt", 0.1, 590, 5)]),
    (650, 1000, [("pvoigt", 0.05, 720, 5),("lorentz", 0.6, 770, 5), ("lorentz", 1, 790, 5), ("pvoigt",0.6, 850, 5),("pvoigt", 0.55, 920, 5),("pvoigt", 0.4, 960, 5),("pvoigt", 0.6, 975, 5),]),
    (1300, 1700, [("lorentz", 0.4, 1400, 5), ("lorentz",0.4,1600,5)])
]

34: REGIONS = [
    (400, 650, [("pvoigt", 0.05, 420, 5),("pvoigt", 0.2, 550, 5),("pvoigt", 0.1, 590, 5)]),
    (650, 1000, [("pvoigt", 0.05, 720, 5), ("lorentz", 1.6, 780, 5), ("pvoigt",0.6, 850, 5),("pvoigt", 0.55, 920, 5),("pvoigt", 0.4, 960, 5),("pvoigt", 0.6, 975, 5),]),
    (1300, 1700, [("lorentz", 0.4, 1400, 5), ("lorentz",0.4,1600,5)])
]

34 FINAL IMPROVED: REGIONS = [
    (400, 650, [("pvoigt", 0.05, 420, 5),("pvoigt", 0.2, 550, 5),("pvoigt", 0.1, 590, 5)]),
    (650, 1000, [("pvoigt", 0.05, 720, 5),("lorentz", 0.6, 770, 5), ("lorentz", 1, 790, 5), ("pvoigt",0.6, 850, 2),("pvoigt", 0.55, 920, 2),("pvoigt", 0.35, 960, 5),("lorentz", 0.6, 975, 5),]),
    (1300, 1700, [("lorentz", 0.4, 1400, 5), ("lorentz",0.4,1600,5)])
]