//Exported ASCII-File
[Header]
FileName = D:\User\JN 25\JN25045\Alex Leide annealing\REFEL Ne 300 2,5dpa\REFEL Si 750 2,5dpa anneal.wip
GraphName = REFEL Si 750 2,5dpa--Spectrum--002--Spec.Data 1
SizeX = 1
SizeY = 1
SizeGraph = 1600
PositionUnit = µm
PositionX = 3143.30000002328
PositionY = 9653.70000002328
PositionZ = 9.33
XAxisUnit = rel. 1/cm
DataUnit = CCD cts

[Data]
X-Axis	REFEL Si 750 2,5dpa--Spectrum--002--Spec.Data 1
 2.65845E+01	 1.34768E+03
 2.95325E+01	 1.34660E+03
 3.24795E+01	 1.34672E+03
 3.54254E+01	 1.34578E+03
 3.83703E+01	 1.34708E+03
 4.13142E+01	 1.34758E+03
 4.42570E+01	 1.34614E+03
 4.71989E+01	 1.34666E+03
 5.01397E+01	 1.34708E+03
 5.30795E+01	 1.34726E+03
 5.60182E+01	 1.34738E+03
 5.89559E+01	 1.35038E+03
 6.18927E+01	 1.35886E+03
 6.48283E+01	 1.37538E+03
 6.77630E+01	 1.39748E+03
 7.06967E+01	 1.42644E+03
 7.36293E+01	 1.44540E+03
 7.65609E+01	 1.45726E+03
 7.94915E+01	 1.46162E+03
 8.24211E+01	 1.46554E+03
 8.53496E+01	 1.46908E+03
 8.82771E+01	 1.46962E+03
 9.12037E+01	 1.47770E+03
 9.41292E+01	 1.48006E+03
 9.70536E+01	 1.48644E+03
 9.99771E+01	 1.49048E+03
 1.02900E+02	 1.49010E+03
 1.05821E+02	 1.49546E+03
 1.08741E+02	 1.49940E+03
 1.11661E+02	 1.50404E+03
 1.14579E+02	 1.50864E+03
 1.17497E+02	 1.51616E+03
 1.20413E+02	 1.52500E+03
 1.23328E+02	 1.52996E+03
 1.26243E+02	 1.53900E+03
 1.29156E+02	 1.54860E+03
 1.32068E+02	 1.55002E+03
 1.34980E+02	 1.55732E+03
 1.37890E+02	 1.56792E+03
 1.40799E+02	 1.57780E+03
 1.43708E+02	 1.59410E+03
 1.46615E+02	 1.60298E+03
 1.49521E+02	 1.60908E+03
 1.52427E+02	 1.61676E+03
 1.55331E+02	 1.62348E+03
 1.58234E+02	 1.63756E+03
 1.61137E+02	 1.64348E+03
 1.64038E+02	 1.64966E+03
 1.66938E+02	 1.65896E+03
 1.69837E+02	 1.66760E+03
 1.72736E+02	 1.67846E+03
 1.75633E+02	 1.68044E+03
 1.78529E+02	 1.68440E+03
 1.81425E+02	 1.69222E+03
 1.84319E+02	 1.69578E+03
 1.87212E+02	 1.69990E+03
 1.90105E+02	 1.70214E+03
 1.92996E+02	 1.69866E+03
 1.95886E+02	 1.70728E+03
 1.98775E+02	 1.70362E+03
 2.01664E+02	 1.70814E+03
 2.04551E+02	 1.71034E+03
 2.07437E+02	 1.70744E+03
 2.10323E+02	 1.71138E+03
 2.13207E+02	 1.70966E+03
 2.16090E+02	 1.71346E+03
 2.18973E+02	 1.70562E+03
 2.21854E+02	 1.70900E+03
 2.24735E+02	 1.70142E+03
 2.27614E+02	 1.70026E+03
 2.30492E+02	 1.70800E+03
 2.33370E+02	 1.70178E+03
 2.36246E+02	 1.69742E+03
 2.39122E+02	 1.70244E+03
 2.41996E+02	 1.70120E+03
 2.44870E+02	 1.69850E+03
 2.47742E+02	 1.70322E+03
 2.50614E+02	 1.70572E+03
 2.53484E+02	 1.70946E+03
 2.56354E+02	 1.70416E+03
 2.59222E+02	 1.70234E+03
 2.62090E+02	 1.70868E+03
 2.64956E+02	 1.70820E+03
 2.67822E+02	 1.70764E+03
 2.70687E+02	 1.70394E+03
 2.73550E+02	 1.70218E+03
 2.76413E+02	 1.70858E+03
 2.79275E+02	 1.69546E+03
 2.82135E+02	 1.69712E+03
 2.84995E+02	 1.69758E+03
 2.87854E+02	 1.68976E+03
 2.90711E+02	 1.69564E+03
 2.93568E+02	 1.68978E+03
 2.96424E+02	 1.67834E+03
 2.99279E+02	 1.68338E+03
 3.02133E+02	 1.68128E+03
 3.04986E+02	 1.67776E+03
 3.07838E+02	 1.67770E+03
 3.10689E+02	 1.67528E+03
 3.13538E+02	 1.67350E+03
 3.16387E+02	 1.67078E+03
 3.19236E+02	 1.67204E+03
 3.22083E+02	 1.66924E+03
 3.24929E+02	 1.66842E+03
 3.27774E+02	 1.66432E+03
 3.30618E+02	 1.66510E+03
 3.33461E+02	 1.65896E+03
 3.36303E+02	 1.65922E+03
 3.39145E+02	 1.65838E+03
 3.41985E+02	 1.65454E+03
 3.44824E+02	 1.65744E+03
 3.47663E+02	 1.65314E+03
 3.50500E+02	 1.65618E+03
 3.53336E+02	 1.65372E+03
 3.56172E+02	 1.65102E+03
 3.59006E+02	 1.64716E+03
 3.61840E+02	 1.64552E+03
 3.64672E+02	 1.64846E+03
 3.67504E+02	 1.64326E+03
 3.70335E+02	 1.65028E+03
 3.73164E+02	 1.64826E+03
 3.75993E+02	 1.64616E+03
 3.78821E+02	 1.64256E+03
 3.81648E+02	 1.64616E+03
 3.84473E+02	 1.64046E+03
 3.87298E+02	 1.64340E+03
 3.90122E+02	 1.63608E+03
 3.92945E+02	 1.63696E+03
 3.95767E+02	 1.63324E+03
 3.98588E+02	 1.63424E+03
 4.01408E+02	 1.63768E+03
 4.04227E+02	 1.63300E+03
 4.07046E+02	 1.63544E+03
 4.09863E+02	 1.63676E+03
 4.12679E+02	 1.64132E+03
 4.15494E+02	 1.63792E+03
 4.18309E+02	 1.64066E+03
 4.21122E+02	 1.64320E+03
 4.23935E+02	 1.64466E+03
 4.26746E+02	 1.63954E+03
 4.29557E+02	 1.63818E+03
 4.32366E+02	 1.64712E+03
 4.35175E+02	 1.63898E+03
 4.37983E+02	 1.63930E+03
 4.40790E+02	 1.64198E+03
 4.43595E+02	 1.64588E+03
 4.46400E+02	 1.64046E+03
 4.49204E+02	 1.64164E+03
 4.52007E+02	 1.64258E+03
 4.54809E+02	 1.63612E+03
 4.57610E+02	 1.63638E+03
 4.60410E+02	 1.63766E+03
 4.63210E+02	 1.63924E+03
 4.66008E+02	 1.63288E+03
 4.68805E+02	 1.62762E+03
 4.71602E+02	 1.62968E+03
 4.74397E+02	 1.63210E+03
 4.77192E+02	 1.63214E+03
 4.79985E+02	 1.62902E+03
 4.82778E+02	 1.63562E+03
 4.85569E+02	 1.63748E+03
 4.88360E+02	 1.63970E+03
 4.91150E+02	 1.64400E+03
 4.93939E+02	 1.64906E+03
 4.96727E+02	 1.65814E+03
 4.99514E+02	 1.66060E+03
 5.02300E+02	 1.65988E+03
 5.05085E+02	 1.67518E+03
 5.07869E+02	 1.67698E+03
 5.10652E+02	 1.67658E+03
 5.13435E+02	 1.69042E+03
 5.16216E+02	 1.69664E+03
 5.18996E+02	 1.69968E+03
 5.21776E+02	 1.70590E+03
 5.24554E+02	 1.70340E+03
 5.27332E+02	 1.70328E+03
 5.30109E+02	 1.70462E+03
 5.32885E+02	 1.70886E+03
 5.35659E+02	 1.70520E+03
 5.38433E+02	 1.69966E+03
 5.41206E+02	 1.70582E+03
 5.43978E+02	 1.70082E+03
 5.46750E+02	 1.70220E+03
 5.49520E+02	 1.69856E+03
 5.52289E+02	 1.69530E+03
 5.55057E+02	 1.68812E+03
 5.57825E+02	 1.69138E+03
 5.60591E+02	 1.68634E+03
 5.63357E+02	 1.69118E+03
 5.66122E+02	 1.68548E+03
 5.68885E+02	 1.67732E+03
 5.71648E+02	 1.68000E+03
 5.74410E+02	 1.67474E+03
 5.77171E+02	 1.66850E+03
 5.79931E+02	 1.66352E+03
 5.82690E+02	 1.65702E+03
 5.85448E+02	 1.65218E+03
 5.88206E+02	 1.65142E+03
 5.90962E+02	 1.64122E+03
 5.93717E+02	 1.63432E+03
 5.96472E+02	 1.63642E+03
 5.99225E+02	 1.62620E+03
 6.01978E+02	 1.62274E+03
 6.04730E+02	 1.61528E+03
 6.07481E+02	 1.60606E+03
 6.10231E+02	 1.60462E+03
 6.12980E+02	 1.60426E+03
 6.15728E+02	 1.59904E+03
 6.18475E+02	 1.59328E+03
 6.21221E+02	 1.59750E+03
 6.23967E+02	 1.59114E+03
 6.26711E+02	 1.59048E+03
 6.29454E+02	 1.58760E+03
 6.32197E+02	 1.58794E+03
 6.34939E+02	 1.58442E+03
 6.37680E+02	 1.58910E+03
 6.40419E+02	 1.58980E+03
 6.43158E+02	 1.58988E+03
 6.45896E+02	 1.59520E+03
 6.48634E+02	 1.59582E+03
 6.51370E+02	 1.59732E+03
 6.54105E+02	 1.60410E+03
 6.56840E+02	 1.61136E+03
 6.59573E+02	 1.61408E+03
 6.62306E+02	 1.61834E+03
 6.65037E+02	 1.61446E+03
 6.67768E+02	 1.61916E+03
 6.70498E+02	 1.60716E+03
 6.73227E+02	 1.60718E+03
 6.75955E+02	 1.59526E+03
 6.78682E+02	 1.59552E+03
 6.81409E+02	 1.59126E+03
 6.84134E+02	 1.59288E+03
 6.86858E+02	 1.59238E+03
 6.89582E+02	 1.58558E+03
 6.92305E+02	 1.59430E+03
 6.95026E+02	 1.59366E+03
 6.97747E+02	 1.59412E+03
 7.00467E+02	 1.59982E+03
 7.03186E+02	 1.59914E+03
 7.05905E+02	 1.60674E+03
 7.08622E+02	 1.61400E+03
 7.11338E+02	 1.61478E+03
 7.14054E+02	 1.61652E+03
 7.16768E+02	 1.62652E+03
 7.19482E+02	 1.62716E+03
 7.22195E+02	 1.63834E+03
 7.24907E+02	 1.64408E+03
 7.27618E+02	 1.64950E+03
 7.30328E+02	 1.65778E+03
 7.33037E+02	 1.66034E+03
 7.35745E+02	 1.66356E+03
 7.38453E+02	 1.66994E+03
 7.41159E+02	 1.67764E+03
 7.43865E+02	 1.68910E+03
 7.46569E+02	 1.68752E+03
 7.49273E+02	 1.70026E+03
 7.51976E+02	 1.70854E+03
 7.54678E+02	 1.70676E+03
 7.57379E+02	 1.72292E+03
 7.60080E+02	 1.72378E+03
 7.62779E+02	 1.72992E+03
 7.65478E+02	 1.73906E+03
 7.68175E+02	 1.74556E+03
 7.70872E+02	 1.74384E+03
 7.73568E+02	 1.74098E+03
 7.76263E+02	 1.73932E+03
 7.78957E+02	 1.74426E+03
 7.81650E+02	 1.74182E+03
 7.84342E+02	 1.74914E+03
 7.87034E+02	 1.75328E+03
 7.89724E+02	 1.76046E+03
 7.92414E+02	 1.75108E+03
 7.95103E+02	 1.74396E+03
 7.97791E+02	 1.72744E+03
 8.00478E+02	 1.71036E+03
 8.03164E+02	 1.69686E+03
 8.05849E+02	 1.68014E+03
 8.08533E+02	 1.67254E+03
 8.11217E+02	 1.66666E+03
 8.13899E+02	 1.65688E+03
 8.16581E+02	 1.65620E+03
 8.19262E+02	 1.65310E+03
 8.21942E+02	 1.65678E+03
 8.24621E+02	 1.65302E+03
 8.27299E+02	 1.65208E+03
 8.29977E+02	 1.65614E+03
 8.32653E+02	 1.66566E+03
 8.35329E+02	 1.66506E+03
 8.38003E+02	 1.66360E+03
 8.40677E+02	 1.66960E+03
 8.43350E+02	 1.67770E+03
 8.46022E+02	 1.66916E+03
 8.48693E+02	 1.67650E+03
 8.51364E+02	 1.67978E+03
 8.54033E+02	 1.68226E+03
 8.56702E+02	 1.68106E+03
 8.59370E+02	 1.68688E+03
 8.62036E+02	 1.69118E+03
 8.64702E+02	 1.68860E+03
 8.67367E+02	 1.69502E+03
 8.70032E+02	 1.69514E+03
 8.72695E+02	 1.69184E+03
 8.75358E+02	 1.69226E+03
 8.78019E+02	 1.69300E+03
 8.80680E+02	 1.69746E+03
 8.83340E+02	 1.69782E+03
 8.85999E+02	 1.69456E+03
 8.88657E+02	 1.69558E+03
 8.91314E+02	 1.69822E+03
 8.93971E+02	 1.70154E+03
 8.96626E+02	 1.69918E+03
 8.99281E+02	 1.70714E+03
 9.01935E+02	 1.70508E+03
 9.04588E+02	 1.70526E+03
 9.07240E+02	 1.69990E+03
 9.09891E+02	 1.70502E+03
 9.12541E+02	 1.70894E+03
 9.15191E+02	 1.70876E+03
 9.17840E+02	 1.70884E+03
 9.20487E+02	 1.71510E+03
 9.23134E+02	 1.71604E+03
 9.25780E+02	 1.71866E+03
 9.28426E+02	 1.72566E+03
 9.31070E+02	 1.72380E+03
 9.33714E+02	 1.72778E+03
 9.36356E+02	 1.73694E+03
 9.38998E+02	 1.73672E+03
 9.41639E+02	 1.73846E+03
 9.44279E+02	 1.73944E+03
 9.46918E+02	 1.73788E+03
 9.49557E+02	 1.73638E+03
 9.52194E+02	 1.72224E+03
 9.54831E+02	 1.70200E+03
 9.57466E+02	 1.66650E+03
 9.60101E+02	 1.63978E+03
 9.62735E+02	 1.60536E+03
 9.65369E+02	 1.59138E+03
 9.68001E+02	 1.57412E+03
 9.70633E+02	 1.56506E+03
 9.73263E+02	 1.54928E+03
 9.75893E+02	 1.54204E+03
 9.78522E+02	 1.53380E+03
 9.81150E+02	 1.53538E+03
 9.83777E+02	 1.52664E+03
 9.86404E+02	 1.52884E+03
 9.89029E+02	 1.52372E+03
 9.91654E+02	 1.52832E+03
 9.94278E+02	 1.53136E+03
 9.96901E+02	 1.52654E+03
 9.99523E+02	 1.52840E+03
 1.00214E+03	 1.52426E+03
 1.00477E+03	 1.51966E+03
 1.00738E+03	 1.52736E+03
 1.01000E+03	 1.52938E+03
 1.01262E+03	 1.52472E+03
 1.01524E+03	 1.52584E+03
 1.01785E+03	 1.52702E+03
 1.02047E+03	 1.52286E+03
 1.02308E+03	 1.52966E+03
 1.02570E+03	 1.52312E+03
 1.02831E+03	 1.52684E+03
 1.03092E+03	 1.53076E+03
 1.03353E+03	 1.52964E+03
 1.03614E+03	 1.52966E+03
 1.03875E+03	 1.52948E+03
 1.04136E+03	 1.53042E+03
 1.04397E+03	 1.53056E+03
 1.04658E+03	 1.53378E+03
 1.04918E+03	 1.53000E+03
 1.05179E+03	 1.53196E+03
 1.05439E+03	 1.53052E+03
 1.05700E+03	 1.53300E+03
 1.05960E+03	 1.53378E+03
 1.06220E+03	 1.53218E+03
 1.06480E+03	 1.52936E+03
 1.06740E+03	 1.53122E+03
 1.07000E+03	 1.53068E+03
 1.07260E+03	 1.53154E+03
 1.07520E+03	 1.52720E+03
 1.07780E+03	 1.52992E+03
 1.08039E+03	 1.53244E+03
 1.08299E+03	 1.52630E+03
 1.08558E+03	 1.52934E+03
 1.08818E+03	 1.52882E+03
 1.09077E+03	 1.52724E+03
 1.09336E+03	 1.52418E+03
 1.09595E+03	 1.52804E+03
 1.09854E+03	 1.52148E+03
 1.10113E+03	 1.52458E+03
 1.10372E+03	 1.53080E+03
 1.10631E+03	 1.52300E+03
 1.10890E+03	 1.52748E+03
 1.11148E+03	 1.52536E+03
 1.11407E+03	 1.52636E+03
 1.11665E+03	 1.52858E+03
 1.11924E+03	 1.53004E+03
 1.12182E+03	 1.52474E+03
 1.12440E+03	 1.53042E+03
 1.12698E+03	 1.52896E+03
 1.12956E+03	 1.52532E+03
 1.13214E+03	 1.52304E+03
 1.13472E+03	 1.52386E+03
 1.13730E+03	 1.52976E+03
 1.13987E+03	 1.52706E+03
 1.14245E+03	 1.52896E+03
 1.14503E+03	 1.52352E+03
 1.14760E+03	 1.52278E+03
 1.15017E+03	 1.52580E+03
 1.15275E+03	 1.52668E+03
 1.15532E+03	 1.52220E+03
 1.15789E+03	 1.52610E+03
 1.16046E+03	 1.52034E+03
 1.16303E+03	 1.52620E+03
 1.16560E+03	 1.52268E+03
 1.16817E+03	 1.51798E+03
 1.17074E+03	 1.51960E+03
 1.17330E+03	 1.52142E+03
 1.17587E+03	 1.51796E+03
 1.17843E+03	 1.52148E+03
 1.18100E+03	 1.52418E+03
 1.18356E+03	 1.51704E+03
 1.18612E+03	 1.51406E+03
 1.18868E+03	 1.51868E+03
 1.19124E+03	 1.51582E+03
 1.19380E+03	 1.51460E+03
 1.19636E+03	 1.51918E+03
 1.19892E+03	 1.51442E+03
 1.20148E+03	 1.51768E+03
 1.20404E+03	 1.51714E+03
 1.20659E+03	 1.51406E+03
 1.20915E+03	 1.51358E+03
 1.21170E+03	 1.51662E+03
 1.21425E+03	 1.51832E+03
 1.21681E+03	 1.52006E+03
 1.21936E+03	 1.51890E+03
 1.22191E+03	 1.51490E+03
 1.22446E+03	 1.51616E+03
 1.22701E+03	 1.51692E+03
 1.22956E+03	 1.51806E+03
 1.23210E+03	 1.51350E+03
 1.23465E+03	 1.51680E+03
 1.23720E+03	 1.51618E+03
 1.23974E+03	 1.51786E+03
 1.24229E+03	 1.51126E+03
 1.24483E+03	 1.51842E+03
 1.24737E+03	 1.51358E+03
 1.24992E+03	 1.51800E+03
 1.25246E+03	 1.51144E+03
 1.25500E+03	 1.51114E+03
 1.25754E+03	 1.51422E+03
 1.26008E+03	 1.51512E+03
 1.26261E+03	 1.51262E+03
 1.26515E+03	 1.51600E+03
 1.26769E+03	 1.51180E+03
 1.27022E+03	 1.51190E+03
 1.27276E+03	 1.51228E+03
 1.27529E+03	 1.51804E+03
 1.27783E+03	 1.51406E+03
 1.28036E+03	 1.51234E+03
 1.28289E+03	 1.50728E+03
 1.28542E+03	 1.50814E+03
 1.28795E+03	 1.51188E+03
 1.29048E+03	 1.50952E+03
 1.29301E+03	 1.51156E+03
 1.29554E+03	 1.51072E+03
 1.29806E+03	 1.51488E+03
 1.30059E+03	 1.51222E+03
 1.30311E+03	 1.50510E+03
 1.30564E+03	 1.50826E+03
 1.30816E+03	 1.50900E+03
 1.31069E+03	 1.51100E+03
 1.31321E+03	 1.51150E+03
 1.31573E+03	 1.50852E+03
 1.31825E+03	 1.51106E+03
 1.32077E+03	 1.50876E+03
 1.32329E+03	 1.50574E+03
 1.32581E+03	 1.50974E+03
 1.32832E+03	 1.50884E+03
 1.33084E+03	 1.50914E+03
 1.33336E+03	 1.51004E+03
 1.33587E+03	 1.51220E+03
 1.33838E+03	 1.51292E+03
 1.34090E+03	 1.50962E+03
 1.34341E+03	 1.51124E+03
 1.34592E+03	 1.50560E+03
 1.34843E+03	 1.51204E+03
 1.35094E+03	 1.50704E+03
 1.35345E+03	 1.51078E+03
 1.35596E+03	 1.51174E+03
 1.35847E+03	 1.51160E+03
 1.36098E+03	 1.50632E+03
 1.36348E+03	 1.51342E+03
 1.36599E+03	 1.51238E+03
 1.36849E+03	 1.51566E+03
 1.37100E+03	 1.51504E+03
 1.37350E+03	 1.51358E+03
 1.37600E+03	 1.51560E+03
 1.37850E+03	 1.50964E+03
 1.38100E+03	 1.51832E+03
 1.38350E+03	 1.51854E+03
 1.38600E+03	 1.51616E+03
 1.38850E+03	 1.51484E+03
 1.39100E+03	 1.51660E+03
 1.39350E+03	 1.51846E+03
 1.39599E+03	 1.52020E+03
 1.39849E+03	 1.51580E+03
 1.40098E+03	 1.52250E+03
 1.40348E+03	 1.51868E+03
 1.40597E+03	 1.52080E+03
 1.40846E+03	 1.52230E+03
 1.41095E+03	 1.51998E+03
 1.41344E+03	 1.51760E+03
 1.41593E+03	 1.51604E+03
 1.41842E+03	 1.51996E+03
 1.42091E+03	 1.51794E+03
 1.42340E+03	 1.51698E+03
 1.42588E+03	 1.51686E+03
 1.42837E+03	 1.51472E+03
 1.43086E+03	 1.51496E+03
 1.43334E+03	 1.51420E+03
 1.43582E+03	 1.50990E+03
 1.43831E+03	 1.51448E+03
 1.44079E+03	 1.50768E+03
 1.44327E+03	 1.51042E+03
 1.44575E+03	 1.50762E+03
 1.44823E+03	 1.50502E+03
 1.45071E+03	 1.50886E+03
 1.45319E+03	 1.50662E+03
 1.45566E+03	 1.50728E+03
 1.45814E+03	 1.50586E+03
 1.46062E+03	 1.50222E+03
 1.46309E+03	 1.50222E+03
 1.46557E+03	 1.49882E+03
 1.46804E+03	 1.50068E+03
 1.47051E+03	 1.49794E+03
 1.47298E+03	 1.50138E+03
 1.47546E+03	 1.49712E+03
 1.47793E+03	 1.49962E+03
 1.48040E+03	 1.49744E+03
 1.48286E+03	 1.49580E+03
 1.48533E+03	 1.49690E+03
 1.48780E+03	 1.49786E+03
 1.49027E+03	 1.49324E+03
 1.49273E+03	 1.49682E+03
 1.49520E+03	 1.49392E+03
 1.49766E+03	 1.49464E+03
 1.50013E+03	 1.49360E+03
 1.50259E+03	 1.49584E+03
 1.50505E+03	 1.49272E+03
 1.50751E+03	 1.49790E+03
 1.50997E+03	 1.49162E+03
 1.51243E+03	 1.49780E+03
 1.51489E+03	 1.49396E+03
 1.51735E+03	 1.49282E+03
 1.51981E+03	 1.49468E+03
 1.52226E+03	 1.49454E+03
 1.52472E+03	 1.49420E+03
 1.52718E+03	 1.49470E+03
 1.52963E+03	 1.49368E+03
 1.53208E+03	 1.49182E+03
 1.53454E+03	 1.49636E+03
 1.53699E+03	 1.49422E+03
 1.53944E+03	 1.49354E+03
 1.54189E+03	 1.49536E+03
 1.54434E+03	 1.49442E+03
 1.54679E+03	 1.49132E+03
 1.54924E+03	 1.49336E+03
 1.55169E+03	 1.49602E+03
 1.55413E+03	 1.49706E+03
 1.55658E+03	 1.49174E+03
 1.55902E+03	 1.49464E+03
 1.56147E+03	 1.49170E+03
 1.56391E+03	 1.49262E+03
 1.56636E+03	 1.49282E+03
 1.56880E+03	 1.49658E+03
 1.57124E+03	 1.49198E+03
 1.57368E+03	 1.49424E+03
 1.57612E+03	 1.49042E+03
 1.57856E+03	 1.49196E+03
 1.58100E+03	 1.49164E+03
 1.58344E+03	 1.48758E+03
 1.58587E+03	 1.48630E+03
 1.58831E+03	 1.49368E+03
 1.59074E+03	 1.49030E+03
 1.59318E+03	 1.48818E+03
 1.59561E+03	 1.48870E+03
 1.59805E+03	 1.48806E+03
 1.60048E+03	 1.48784E+03
 1.60291E+03	 1.48936E+03
 1.60534E+03	 1.48648E+03
 1.60777E+03	 1.48632E+03
 1.61020E+03	 1.48730E+03
 1.61263E+03	 1.48816E+03
 1.61506E+03	 1.48094E+03
 1.61749E+03	 1.48576E+03
 1.61991E+03	 1.48220E+03
 1.62234E+03	 1.48378E+03
 1.62476E+03	 1.48104E+03
 1.62719E+03	 1.48158E+03
 1.62961E+03	 1.48620E+03
 1.63203E+03	 1.48534E+03
 1.63446E+03	 1.48302E+03
 1.63688E+03	 1.48394E+03
 1.63930E+03	 1.48058E+03
 1.64172E+03	 1.48212E+03
 1.64414E+03	 1.48572E+03
 1.64656E+03	 1.48408E+03
 1.64897E+03	 1.48310E+03
 1.65139E+03	 1.48308E+03
 1.65381E+03	 1.48122E+03
 1.65622E+03	 1.48216E+03
 1.65864E+03	 1.48546E+03
 1.66105E+03	 1.48288E+03
 1.66346E+03	 1.48454E+03
 1.66588E+03	 1.48188E+03
 1.66829E+03	 1.48846E+03
 1.67070E+03	 1.48324E+03
 1.67311E+03	 1.48694E+03
 1.67552E+03	 1.48752E+03
 1.67793E+03	 1.48550E+03
 1.68034E+03	 1.48634E+03
 1.68274E+03	 1.48158E+03
 1.68515E+03	 1.48528E+03
 1.68756E+03	 1.48362E+03
 1.68996E+03	 1.48442E+03
 1.69236E+03	 1.48830E+03
 1.69477E+03	 1.48398E+03
 1.69717E+03	 1.48336E+03
 1.69957E+03	 1.48478E+03
 1.70197E+03	 1.48466E+03
 1.70438E+03	 1.47926E+03
 1.70678E+03	 1.48208E+03
 1.70917E+03	 1.48194E+03
 1.71157E+03	 1.48234E+03
 1.71397E+03	 1.47952E+03
 1.71637E+03	 1.48194E+03
 1.71876E+03	 1.48012E+03
 1.72116E+03	 1.47776E+03
 1.72355E+03	 1.47838E+03
 1.72595E+03	 1.47958E+03
 1.72834E+03	 1.47602E+03
 1.73073E+03	 1.47770E+03
 1.73313E+03	 1.47366E+03
 1.73552E+03	 1.47338E+03
 1.73791E+03	 1.47136E+03
 1.74030E+03	 1.47308E+03
 1.74269E+03	 1.47256E+03
 1.74507E+03	 1.47328E+03
 1.74746E+03	 1.46982E+03
 1.74985E+03	 1.47408E+03
 1.75224E+03	 1.47410E+03
 1.75462E+03	 1.47328E+03
 1.75701E+03	 1.47398E+03
 1.75939E+03	 1.47748E+03
 1.76177E+03	 1.47290E+03
 1.76415E+03	 1.47432E+03
 1.76654E+03	 1.47380E+03
 1.76892E+03	 1.47210E+03
 1.77130E+03	 1.47176E+03
 1.77368E+03	 1.47598E+03
 1.77606E+03	 1.47434E+03
 1.77843E+03	 1.47392E+03
 1.78081E+03	 1.47512E+03
 1.78319E+03	 1.47410E+03
 1.78556E+03	 1.47274E+03
 1.78794E+03	 1.47200E+03
 1.79031E+03	 1.47242E+03
 1.79269E+03	 1.47152E+03
 1.79506E+03	 1.47616E+03
 1.79743E+03	 1.46786E+03
 1.79981E+03	 1.47212E+03
 1.80218E+03	 1.46976E+03
 1.80455E+03	 1.47008E+03
 1.80692E+03	 1.47204E+03
 1.80928E+03	 1.47176E+03
 1.81165E+03	 1.46956E+03
 1.81402E+03	 1.46950E+03
 1.81639E+03	 1.46976E+03
 1.81875E+03	 1.46478E+03
 1.82112E+03	 1.46606E+03
 1.82348E+03	 1.46936E+03
 1.82585E+03	 1.46900E+03
 1.82821E+03	 1.46896E+03
 1.83057E+03	 1.46994E+03
 1.83293E+03	 1.47150E+03
 1.83529E+03	 1.46838E+03
 1.83765E+03	 1.46860E+03
 1.84001E+03	 1.46906E+03
 1.84237E+03	 1.47018E+03
 1.84473E+03	 1.46580E+03
 1.84709E+03	 1.46806E+03
 1.84944E+03	 1.46480E+03
 1.85180E+03	 1.46662E+03
 1.85416E+03	 1.46884E+03
 1.85651E+03	 1.46754E+03
 1.85886E+03	 1.46658E+03
 1.86122E+03	 1.46608E+03
 1.86357E+03	 1.46792E+03
 1.86592E+03	 1.46720E+03
 1.86827E+03	 1.46608E+03
 1.87062E+03	 1.46626E+03
 1.87297E+03	 1.46610E+03
 1.87532E+03	 1.46550E+03
 1.87767E+03	 1.46398E+03
 1.88002E+03	 1.46730E+03
 1.88236E+03	 1.46382E+03
 1.88471E+03	 1.46292E+03
 1.88705E+03	 1.46574E+03
 1.88940E+03	 1.46394E+03
 1.89174E+03	 1.46300E+03
 1.89409E+03	 1.46152E+03
 1.89643E+03	 1.46500E+03
 1.89877E+03	 1.45946E+03
 1.90111E+03	 1.46364E+03
 1.90345E+03	 1.46240E+03
 1.90579E+03	 1.46362E+03
 1.90813E+03	 1.46002E+03
 1.91047E+03	 1.45870E+03
 1.91281E+03	 1.45988E+03
 1.91514E+03	 1.45718E+03
 1.91748E+03	 1.46210E+03
 1.91981E+03	 1.46054E+03
 1.92215E+03	 1.45906E+03
 1.92448E+03	 1.45498E+03
 1.92682E+03	 1.45784E+03
 1.92915E+03	 1.45862E+03
 1.93148E+03	 1.46016E+03
 1.93381E+03	 1.45324E+03
 1.93614E+03	 1.45534E+03
 1.93847E+03	 1.46068E+03
 1.94080E+03	 1.45638E+03
 1.94313E+03	 1.45840E+03
 1.94546E+03	 1.45808E+03
 1.94778E+03	 1.45666E+03
 1.95011E+03	 1.45668E+03
 1.95244E+03	 1.45884E+03
 1.95476E+03	 1.45732E+03
 1.95709E+03	 1.45656E+03
 1.95941E+03	 1.45844E+03
 1.96173E+03	 1.45812E+03
 1.96405E+03	 1.45520E+03
 1.96638E+03	 1.45640E+03
 1.96870E+03	 1.46104E+03
 1.97102E+03	 1.45590E+03
 1.97334E+03	 1.45728E+03
 1.97566E+03	 1.45804E+03
 1.97797E+03	 1.45446E+03
 1.98029E+03	 1.45864E+03
 1.98261E+03	 1.45476E+03
 1.98492E+03	 1.45242E+03
 1.98724E+03	 1.45138E+03
 1.98955E+03	 1.45364E+03
 1.99187E+03	 1.44922E+03
 1.99418E+03	 1.45092E+03
 1.99649E+03	 1.45120E+03
 1.99880E+03	 1.45396E+03
 2.00112E+03	 1.45224E+03
 2.00343E+03	 1.45412E+03
 2.00574E+03	 1.45140E+03
 2.00804E+03	 1.45040E+03
 2.01035E+03	 1.45040E+03
 2.01266E+03	 1.44958E+03
 2.01497E+03	 1.45136E+03
 2.01727E+03	 1.44986E+03
 2.01958E+03	 1.45000E+03
 2.02188E+03	 1.44934E+03
 2.02419E+03	 1.45196E+03
 2.02649E+03	 1.44854E+03
 2.02880E+03	 1.45164E+03
 2.03110E+03	 1.44972E+03
 2.03340E+03	 1.45138E+03
 2.03570E+03	 1.45256E+03
 2.03800E+03	 1.44508E+03
 2.04030E+03	 1.44968E+03
 2.04260E+03	 1.45030E+03
 2.04490E+03	 1.44976E+03
 2.04719E+03	 1.44830E+03
 2.04949E+03	 1.44832E+03
 2.05179E+03	 1.44964E+03
 2.05408E+03	 1.44434E+03
 2.05638E+03	 1.44844E+03
 2.05867E+03	 1.44878E+03
 2.06096E+03	 1.44878E+03
 2.06326E+03	 1.44860E+03
 2.06555E+03	 1.45028E+03
 2.06784E+03	 1.44846E+03
 2.07013E+03	 1.44742E+03
 2.07242E+03	 1.44466E+03
 2.07471E+03	 1.44690E+03
 2.07700E+03	 1.44870E+03
 2.07929E+03	 1.44934E+03
 2.08157E+03	 1.44576E+03
 2.08386E+03	 1.44336E+03
 2.08615E+03	 1.44522E+03
 2.08843E+03	 1.44250E+03
 2.09072E+03	 1.44246E+03
 2.09300E+03	 1.44576E+03
 2.09528E+03	 1.44588E+03
 2.09756E+03	 1.44684E+03
 2.09985E+03	 1.44532E+03
 2.10213E+03	 1.44488E+03
 2.10441E+03	 1.44436E+03
 2.10669E+03	 1.44588E+03
 2.10897E+03	 1.44676E+03
 2.11125E+03	 1.44568E+03
 2.11352E+03	 1.44586E+03
 2.11580E+03	 1.44476E+03
 2.11808E+03	 1.44390E+03
 2.12035E+03	 1.44342E+03
 2.12263E+03	 1.44374E+03
 2.12490E+03	 1.44300E+03
 2.12718E+03	 1.44572E+03
 2.12945E+03	 1.44562E+03
 2.13172E+03	 1.44522E+03
 2.13399E+03	 1.44496E+03
 2.13626E+03	 1.44308E+03
 2.13853E+03	 1.44454E+03
 2.14080E+03	 1.44488E+03
 2.14307E+03	 1.44256E+03
 2.14534E+03	 1.44400E+03
 2.14761E+03	 1.44236E+03
 2.14988E+03	 1.44424E+03
 2.15214E+03	 1.44378E+03
 2.15441E+03	 1.44228E+03
 2.15667E+03	 1.44452E+03
 2.15894E+03	 1.44638E+03
 2.16120E+03	 1.44392E+03
 2.16346E+03	 1.44190E+03
 2.16573E+03	 1.44314E+03
 2.16799E+03	 1.44524E+03
 2.17025E+03	 1.44354E+03
 2.17251E+03	 1.44506E+03
 2.17477E+03	 1.44264E+03
 2.17703E+03	 1.44138E+03
 2.17929E+03	 1.44304E+03
 2.18154E+03	 1.44424E+03
 2.18380E+03	 1.44228E+03
 2.18606E+03	 1.44344E+03
 2.18831E+03	 1.44390E+03
 2.19057E+03	 1.44200E+03
 2.19282E+03	 1.43930E+03
 2.19508E+03	 1.44210E+03
 2.19733E+03	 1.44340E+03
 2.19958E+03	 1.44170E+03
 2.20183E+03	 1.43708E+03
 2.20409E+03	 1.44144E+03
 2.20634E+03	 1.44286E+03
 2.20859E+03	 1.44114E+03
 2.21083E+03	 1.44236E+03
 2.21308E+03	 1.44086E+03
 2.21533E+03	 1.44104E+03
 2.21758E+03	 1.44094E+03
 2.21982E+03	 1.43820E+03
 2.22207E+03	 1.43852E+03
 2.22432E+03	 1.43792E+03
 2.22656E+03	 1.44166E+03
 2.22880E+03	 1.44052E+03
 2.23105E+03	 1.44116E+03
 2.23329E+03	 1.44228E+03
 2.23553E+03	 1.44284E+03
 2.23777E+03	 1.44072E+03
 2.24001E+03	 1.43988E+03
 2.24225E+03	 1.43810E+03
 2.24449E+03	 1.43664E+03
 2.24673E+03	 1.43986E+03
 2.24897E+03	 1.44138E+03
 2.25121E+03	 1.43786E+03
 2.25344E+03	 1.44092E+03
 2.25568E+03	 1.44146E+03
 2.25791E+03	 1.43792E+03
 2.26015E+03	 1.44042E+03
 2.26238E+03	 1.44032E+03
 2.26462E+03	 1.43736E+03
 2.26685E+03	 1.44162E+03
 2.26908E+03	 1.43792E+03
 2.27131E+03	 1.43962E+03
 2.27354E+03	 1.43948E+03
 2.27577E+03	 1.43840E+03
 2.27800E+03	 1.44116E+03
 2.28023E+03	 1.43914E+03
 2.28246E+03	 1.44016E+03
 2.28469E+03	 1.43804E+03
 2.28692E+03	 1.43830E+03
 2.28914E+03	 1.43692E+03
 2.29137E+03	 1.44104E+03
 2.29359E+03	 1.43894E+03
 2.29582E+03	 1.43784E+03
 2.29804E+03	 1.44134E+03
 2.30026E+03	 1.43764E+03
 2.30249E+03	 1.44066E+03
 2.30471E+03	 1.43502E+03
 2.30693E+03	 1.43620E+03
 2.30915E+03	 1.43784E+03
 2.31137E+03	 1.43794E+03
 2.31359E+03	 1.43738E+03
 2.31581E+03	 1.43920E+03
 2.31802E+03	 1.43820E+03
 2.32024E+03	 1.43758E+03
 2.32246E+03	 1.43614E+03
 2.32467E+03	 1.43682E+03
 2.32689E+03	 1.43606E+03
 2.32910E+03	 1.43862E+03
 2.33132E+03	 1.44052E+03
 2.33353E+03	 1.43708E+03
 2.33574E+03	 1.43786E+03
 2.33796E+03	 1.43804E+03
 2.34017E+03	 1.43524E+03
 2.34238E+03	 1.43578E+03
 2.34459E+03	 1.43406E+03
 2.34680E+03	 1.43430E+03
 2.34901E+03	 1.43660E+03
 2.35121E+03	 1.43476E+03
 2.35342E+03	 1.43242E+03
 2.35563E+03	 1.43538E+03
 2.35784E+03	 1.43536E+03
 2.36004E+03	 1.43656E+03
 2.36225E+03	 1.43490E+03
 2.36445E+03	 1.43446E+03
 2.36665E+03	 1.43310E+03
 2.36886E+03	 1.43372E+03
 2.37106E+03	 1.43008E+03
 2.37326E+03	 1.43220E+03
 2.37546E+03	 1.43434E+03
 2.37766E+03	 1.43260E+03
 2.37986E+03	 1.43550E+03
 2.38206E+03	 1.43794E+03
 2.38426E+03	 1.43154E+03
 2.38646E+03	 1.43636E+03
 2.38866E+03	 1.43470E+03
 2.39085E+03	 1.43298E+03
 2.39305E+03	 1.43218E+03
 2.39525E+03	 1.43194E+03
 2.39744E+03	 1.43314E+03
 2.39963E+03	 1.43398E+03
 2.40183E+03	 1.43434E+03
 2.40402E+03	 1.43506E+03
 2.40621E+03	 1.43294E+03
 2.40841E+03	 1.42890E+03
 2.41060E+03	 1.43068E+03
 2.41279E+03	 1.43086E+03
 2.41498E+03	 1.42928E+03
 2.41717E+03	 1.43164E+03
 2.41935E+03	 1.43242E+03
 2.42154E+03	 1.43192E+03
 2.42373E+03	 1.43192E+03
 2.42592E+03	 1.43516E+03
 2.42810E+03	 1.43292E+03
 2.43029E+03	 1.43082E+03
 2.43247E+03	 1.43246E+03
 2.43466E+03	 1.43160E+03
 2.43684E+03	 1.42964E+03
 2.43902E+03	 1.42860E+03
 2.44121E+03	 1.43194E+03
 2.44339E+03	 1.43248E+03
 2.44557E+03	 1.43144E+03
 2.44775E+03	 1.43046E+03
 2.44993E+03	 1.43076E+03
 2.45211E+03	 1.43156E+03
 2.45429E+03	 1.43022E+03
 2.45646E+03	 1.43090E+03
 2.45864E+03	 1.43272E+03
 2.46082E+03	 1.43212E+03
 2.46299E+03	 1.43328E+03
 2.46517E+03	 1.42818E+03
 2.46734E+03	 1.43084E+03
 2.46952E+03	 1.43100E+03
 2.47169E+03	 1.43112E+03
 2.47386E+03	 1.43014E+03
 2.47604E+03	 1.43142E+03
 2.47821E+03	 1.43000E+03
 2.48038E+03	 1.43232E+03
 2.48255E+03	 1.43128E+03
 2.48472E+03	 1.43584E+03
 2.48689E+03	 1.43274E+03
 2.48906E+03	 1.43150E+03
 2.49123E+03	 1.43282E+03
 2.49339E+03	 1.43168E+03
 2.49556E+03	 1.43166E+03
 2.49773E+03	 1.43052E+03
 2.49989E+03	 1.43044E+03
 2.50206E+03	 1.43102E+03
 2.50422E+03	 1.43018E+03
 2.50638E+03	 1.43148E+03
 2.50855E+03	 1.42820E+03
 2.51071E+03	 1.43176E+03
 2.51287E+03	 1.42996E+03
 2.51503E+03	 1.43234E+03
 2.51719E+03	 1.43208E+03
 2.51935E+03	 1.43244E+03
 2.52151E+03	 1.43204E+03
 2.52367E+03	 1.43144E+03
 2.52583E+03	 1.43150E+03
 2.52799E+03	 1.42976E+03
 2.53014E+03	 1.43154E+03
 2.53230E+03	 1.42830E+03
 2.53445E+03	 1.43126E+03
 2.53661E+03	 1.43004E+03
 2.53876E+03	 1.42896E+03
 2.54092E+03	 1.42846E+03
 2.54307E+03	 1.42666E+03
 2.54522E+03	 1.43236E+03
 2.54738E+03	 1.42792E+03
 2.54953E+03	 1.42890E+03
 2.55168E+03	 1.43006E+03
 2.55383E+03	 1.42670E+03
 2.55598E+03	 1.42894E+03
 2.55813E+03	 1.42814E+03
 2.56027E+03	 1.42778E+03
 2.56242E+03	 1.42926E+03
 2.56457E+03	 1.42824E+03
 2.56671E+03	 1.42708E+03
 2.56886E+03	 1.42928E+03
 2.57101E+03	 1.42500E+03
 2.57315E+03	 1.42864E+03
 2.57529E+03	 1.42434E+03
 2.57744E+03	 1.42922E+03
 2.57958E+03	 1.42814E+03
 2.58172E+03	 1.42790E+03
 2.58386E+03	 1.42566E+03
 2.58601E+03	 1.42698E+03
 2.58815E+03	 1.42464E+03
 2.59029E+03	 1.42690E+03
 2.59242E+03	 1.42812E+03
 2.59456E+03	 1.42644E+03
 2.59670E+03	 1.42528E+03
 2.59884E+03	 1.42690E+03
 2.60097E+03	 1.42530E+03
 2.60311E+03	 1.42622E+03
 2.60525E+03	 1.42418E+03
 2.60738E+03	 1.42562E+03
 2.60952E+03	 1.42440E+03
 2.61165E+03	 1.42510E+03
 2.61378E+03	 1.42876E+03
 2.61591E+03	 1.42376E+03
 2.61805E+03	 1.42268E+03
 2.62018E+03	 1.42450E+03
 2.62231E+03	 1.42470E+03
 2.62444E+03	 1.42532E+03
 2.62657E+03	 1.42462E+03
 2.62870E+03	 1.42544E+03
 2.63082E+03	 1.42378E+03
 2.63295E+03	 1.42294E+03
 2.63508E+03	 1.42482E+03
 2.63721E+03	 1.42532E+03
 2.63933E+03	 1.42292E+03
 2.64146E+03	 1.42400E+03
 2.64358E+03	 1.42630E+03
 2.64571E+03	 1.42532E+03
 2.64783E+03	 1.42634E+03
 2.64995E+03	 1.42444E+03
 2.65207E+03	 1.42344E+03
 2.65420E+03	 1.42192E+03
 2.65632E+03	 1.42404E+03
 2.65844E+03	 1.42368E+03
 2.66056E+03	 1.42282E+03
 2.66268E+03	 1.42672E+03
 2.66480E+03	 1.42424E+03
 2.66691E+03	 1.42640E+03
 2.66903E+03	 1.42584E+03
 2.67115E+03	 1.42508E+03
 2.67326E+03	 1.42676E+03
 2.67538E+03	 1.42104E+03
 2.67749E+03	 1.42454E+03
 2.67961E+03	 1.42664E+03
 2.68172E+03	 1.42418E+03
 2.68384E+03	 1.42378E+03
 2.68595E+03	 1.42328E+03
 2.68806E+03	 1.42374E+03
 2.69017E+03	 1.42484E+03
 2.69228E+03	 1.42372E+03
 2.69439E+03	 1.42108E+03
 2.69650E+03	 1.42130E+03
 2.69861E+03	 1.42176E+03
 2.70072E+03	 1.42392E+03
 2.70283E+03	 1.42326E+03
 2.70494E+03	 1.42242E+03
 2.70704E+03	 1.42056E+03
 2.70915E+03	 1.42436E+03
 2.71126E+03	 1.42270E+03
 2.71336E+03	 1.42318E+03
 2.71546E+03	 1.42290E+03
 2.71757E+03	 1.42522E+03
 2.71967E+03	 1.42210E+03
 2.72177E+03	 1.42070E+03
 2.72388E+03	 1.42062E+03
 2.72598E+03	 1.42296E+03
 2.72808E+03	 1.42322E+03
 2.73018E+03	 1.42462E+03
 2.73228E+03	 1.42142E+03
 2.73438E+03	 1.42086E+03
 2.73648E+03	 1.42112E+03
 2.73857E+03	 1.41904E+03
 2.74067E+03	 1.42130E+03
 2.74277E+03	 1.42030E+03
 2.74486E+03	 1.42370E+03
 2.74696E+03	 1.42170E+03
 2.74905E+03	 1.42010E+03
 2.75115E+03	 1.42110E+03
 2.75324E+03	 1.42054E+03
 2.75534E+03	 1.42404E+03
 2.75743E+03	 1.41984E+03
 2.75952E+03	 1.42204E+03
 2.76161E+03	 1.41888E+03
 2.76370E+03	 1.42076E+03
 2.76579E+03	 1.41884E+03
 2.76788E+03	 1.42184E+03
 2.76997E+03	 1.42054E+03
 2.77206E+03	 1.41998E+03
 2.77415E+03	 1.41898E+03
 2.77624E+03	 1.42260E+03
 2.77832E+03	 1.42058E+03
 2.78041E+03	 1.41922E+03
 2.78250E+03	 1.42050E+03
 2.78458E+03	 1.42260E+03
 2.78666E+03	 1.41892E+03
 2.78875E+03	 1.41682E+03
 2.79083E+03	 1.41798E+03
 2.79291E+03	 1.41688E+03
 2.79500E+03	 1.41922E+03
 2.79708E+03	 1.41558E+03
 2.79916E+03	 1.42052E+03
 2.80124E+03	 1.41586E+03
 2.80332E+03	 1.41712E+03
 2.80540E+03	 1.41942E+03
 2.80748E+03	 1.41636E+03
 2.80956E+03	 1.42050E+03
 2.81163E+03	 1.41886E+03
 2.81371E+03	 1.41602E+03
 2.81579E+03	 1.42002E+03
 2.81786E+03	 1.41790E+03
 2.81994E+03	 1.41686E+03
 2.82201E+03	 1.41818E+03
 2.82409E+03	 1.41680E+03
 2.82616E+03	 1.41772E+03
 2.82823E+03	 1.41618E+03
 2.83031E+03	 1.41562E+03
 2.83238E+03	 1.41658E+03
 2.83445E+03	 1.41486E+03
 2.83652E+03	 1.41738E+03
 2.83859E+03	 1.41680E+03
 2.84066E+03	 1.41672E+03
 2.84273E+03	 1.41576E+03
 2.84480E+03	 1.41392E+03
 2.84686E+03	 1.41794E+03
 2.84893E+03	 1.41510E+03
 2.85100E+03	 1.41680E+03
 2.85306E+03	 1.41416E+03
 2.85513E+03	 1.41566E+03
 2.85719E+03	 1.41560E+03
 2.85926E+03	 1.41676E+03
 2.86132E+03	 1.41324E+03
 2.86339E+03	 1.41566E+03
 2.86545E+03	 1.41478E+03
 2.86751E+03	 1.41630E+03
 2.86957E+03	 1.41338E+03
 2.87163E+03	 1.41546E+03
 2.87369E+03	 1.41510E+03
 2.87575E+03	 1.41684E+03
 2.87781E+03	 1.41516E+03
 2.87987E+03	 1.41444E+03
 2.88193E+03	 1.41482E+03
 2.88399E+03	 1.41442E+03
 2.88604E+03	 1.41546E+03
 2.88810E+03	 1.41158E+03
 2.89015E+03	 1.41466E+03
 2.89221E+03	 1.41272E+03
 2.89426E+03	 1.41248E+03
 2.89632E+03	 1.41304E+03
 2.89837E+03	 1.41386E+03
 2.90042E+03	 1.41048E+03
 2.90248E+03	 1.41420E+03
 2.90453E+03	 1.41358E+03
 2.90658E+03	 1.41184E+03
 2.90863E+03	 1.41700E+03
 2.91068E+03	 1.41432E+03
 2.91273E+03	 1.41320E+03
 2.91478E+03	 1.41216E+03
 2.91683E+03	 1.41652E+03
 2.91888E+03	 1.41270E+03
 2.92092E+03	 1.41206E+03
 2.92297E+03	 1.41140E+03
 2.92502E+03	 1.41234E+03
 2.92706E+03	 1.41448E+03
 2.92911E+03	 1.41268E+03
 2.93115E+03	 1.41010E+03
 2.93320E+03	 1.41046E+03
 2.93524E+03	 1.41364E+03
 2.93728E+03	 1.41198E+03
 2.93932E+03	 1.41214E+03
 2.94137E+03	 1.41012E+03
 2.94341E+03	 1.41308E+03
 2.94545E+03	 1.40882E+03
 2.94749E+03	 1.41266E+03
 2.94953E+03	 1.41140E+03
 2.95157E+03	 1.41220E+03
 2.95360E+03	 1.41190E+03
 2.95564E+03	 1.40876E+03
 2.95768E+03	 1.40890E+03
 2.95971E+03	 1.40906E+03
 2.96175E+03	 1.40902E+03
 2.96379E+03	 1.40892E+03
 2.96582E+03	 1.40912E+03
 2.96786E+03	 1.41232E+03
 2.96989E+03	 1.41182E+03
 2.97192E+03	 1.41166E+03
 2.97396E+03	 1.41066E+03
 2.97599E+03	 1.40952E+03
 2.97802E+03	 1.40828E+03
 2.98005E+03	 1.40858E+03
 2.98208E+03	 1.40934E+03
 2.98411E+03	 1.40860E+03
 2.98614E+03	 1.40854E+03
 2.98817E+03	 1.40588E+03
 2.99020E+03	 1.41042E+03
 2.99223E+03	 1.40764E+03
 2.99425E+03	 1.40976E+03
 2.99628E+03	 1.40936E+03
 2.99830E+03	 1.40656E+03
 3.00033E+03	 1.40896E+03
 3.00236E+03	 1.40828E+03
 3.00438E+03	 1.40858E+03
 3.00640E+03	 1.40948E+03
 3.00843E+03	 1.40654E+03
 3.01045E+03	 1.40510E+03
 3.01247E+03	 1.40824E+03
 3.01449E+03	 1.40984E+03
 3.01651E+03	 1.40870E+03
 3.01854E+03	 1.40698E+03
 3.02056E+03	 1.40412E+03
 3.02257E+03	 1.40684E+03
 3.02459E+03	 1.40852E+03
 3.02661E+03	 1.41006E+03
 3.02863E+03	 1.40942E+03
 3.03065E+03	 1.40766E+03
 3.03266E+03	 1.40886E+03
 3.03468E+03	 1.40834E+03
 3.03669E+03	 1.40766E+03
 3.03871E+03	 1.40766E+03
 3.04072E+03	 1.40708E+03
 3.04274E+03	 1.40756E+03
 3.04475E+03	 1.41024E+03
 3.04676E+03	 1.40628E+03
 3.04878E+03	 1.40920E+03
 3.05079E+03	 1.40554E+03
 3.05280E+03	 1.40604E+03
 3.05481E+03	 1.40722E+03
 3.05682E+03	 1.40576E+03
 3.05883E+03	 1.40662E+03
 3.06084E+03	 1.40698E+03
 3.06285E+03	 1.40434E+03
 3.06486E+03	 1.40700E+03
 3.06686E+03	 1.40540E+03
 3.06887E+03	 1.40836E+03
 3.07088E+03	 1.40566E+03
 3.07288E+03	 1.40460E+03
 3.07489E+03	 1.40606E+03
 3.07689E+03	 1.40422E+03
 3.07890E+03	 1.40420E+03
 3.08090E+03	 1.40312E+03
 3.08290E+03	 1.40546E+03
 3.08490E+03	 1.40592E+03
 3.08691E+03	 1.40502E+03
 3.08891E+03	 1.40358E+03
 3.09091E+03	 1.40710E+03
 3.09291E+03	 1.40632E+03
 3.09491E+03	 1.40540E+03
 3.09691E+03	 1.40312E+03
 3.09891E+03	 1.40626E+03
 3.10090E+03	 1.40450E+03
 3.10290E+03	 1.40416E+03
 3.10490E+03	 1.40544E+03
 3.10690E+03	 1.40430E+03
 3.10889E+03	 1.40442E+03
 3.11089E+03	 1.40384E+03
 3.11288E+03	 1.40316E+03
 3.11488E+03	 1.40368E+03
 3.11687E+03	 1.40258E+03
 3.11886E+03	 1.40358E+03
 3.12086E+03	 1.40338E+03
 3.12285E+03	 1.40536E+03
 3.12484E+03	 1.40314E+03
 3.12683E+03	 1.39880E+03
 3.12882E+03	 1.40216E+03
 3.13081E+03	 1.40180E+03
 3.13280E+03	 1.40254E+03
 3.13479E+03	 1.40082E+03
 3.13678E+03	 1.40212E+03
 3.13877E+03	 1.40474E+03
 3.14075E+03	 1.40132E+03
 3.14274E+03	 1.40376E+03
 3.14473E+03	 1.40046E+03
 3.14671E+03	 1.40424E+03
 3.14870E+03	 1.39958E+03
 3.15068E+03	 1.40322E+03
 3.15267E+03	 1.39896E+03
 3.15465E+03	 1.39886E+03
 3.15663E+03	 1.40208E+03
 3.15862E+03	 1.40258E+03
 3.16060E+03	 1.40214E+03
 3.16258E+03	 1.39908E+03
 3.16456E+03	 1.40094E+03
 3.16654E+03	 1.40232E+03
 3.16852E+03	 1.40236E+03
 3.17050E+03	 1.39998E+03
 3.17248E+03	 1.39774E+03
 3.17446E+03	 1.39890E+03
 3.17643E+03	 1.39928E+03
 3.17841E+03	 1.39960E+03
 3.18039E+03	 1.39998E+03
 3.18236E+03	 1.40094E+03
 3.18434E+03	 1.39896E+03
 3.18632E+03	 1.39786E+03
 3.18829E+03	 1.40054E+03
 3.19026E+03	 1.40092E+03
 3.19224E+03	 1.40146E+03
 3.19421E+03	 1.40058E+03
 3.19618E+03	 1.40166E+03
 3.19815E+03	 1.40172E+03
 3.20013E+03	 1.40052E+03
 3.20210E+03	 1.39974E+03
 3.20407E+03	 1.39870E+03
 3.20604E+03	 1.40036E+03
 3.20801E+03	 1.39768E+03
 3.20998E+03	 1.39846E+03
 3.21194E+03	 1.40054E+03
 3.21391E+03	 1.39870E+03
 3.21588E+03	 1.40064E+03
 3.21784E+03	 1.39992E+03
 3.21981E+03	 1.39882E+03
 3.22178E+03	 1.39896E+03
 3.22374E+03	 1.39992E+03
 3.22571E+03	 1.39590E+03
 3.22767E+03	 1.39882E+03
 3.22963E+03	 1.40106E+03
 3.23160E+03	 1.39840E+03
 3.23356E+03	 1.39812E+03
 3.23552E+03	 1.39924E+03
 3.23748E+03	 1.39732E+03
 3.23944E+03	 1.39806E+03
 3.24140E+03	 1.39874E+03
 3.24336E+03	 1.39828E+03
 3.24532E+03	 1.39708E+03
 3.24728E+03	 1.39856E+03
 3.24924E+03	 1.39912E+03
 3.25120E+03	 1.39866E+03
 3.25315E+03	 1.39856E+03
 3.25511E+03	 1.39992E+03
 3.25707E+03	 1.39830E+03
 3.25902E+03	 1.39754E+03
 3.26098E+03	 1.39528E+03
 3.26293E+03	 1.39816E+03
 3.26489E+03	 1.39702E+03
 3.26684E+03	 1.39748E+03
 3.26879E+03	 1.39434E+03
 3.27075E+03	 1.39796E+03
 3.27270E+03	 1.39636E+03
 3.27465E+03	 1.39736E+03
 3.27660E+03	 1.39572E+03
 3.27855E+03	 1.39678E+03
 3.28050E+03	 1.39490E+03
 3.28245E+03	 1.39484E+03
 3.28440E+03	 1.39650E+03
 3.28635E+03	 1.39414E+03
 3.28829E+03	 1.39678E+03
 3.29024E+03	 1.39620E+03
 3.29219E+03	 1.39542E+03
 3.29413E+03	 1.39904E+03
 3.29608E+03	 1.39582E+03
 3.29803E+03	 1.39328E+03
 3.29997E+03	 1.39692E+03
 3.30191E+03	 1.39442E+03
 3.30386E+03	 1.39402E+03
 3.30580E+03	 1.39458E+03
 3.30774E+03	 1.39568E+03
 3.30969E+03	 1.39474E+03
 3.31163E+03	 1.39380E+03
 3.31357E+03	 1.39244E+03
 3.31551E+03	 1.39500E+03
 3.31745E+03	 1.39378E+03
 3.31939E+03	 1.39396E+03
 3.32133E+03	 1.39440E+03
 3.32327E+03	 1.39296E+03
 3.32520E+03	 1.39386E+03
 3.32714E+03	 1.39408E+03
 3.32908E+03	 1.39254E+03
 3.33102E+03	 1.39566E+03
 3.33295E+03	 1.39262E+03
 3.33489E+03	 1.39118E+03
 3.33682E+03	 1.39462E+03
 3.33876E+03	 1.39224E+03
 3.34069E+03	 1.39464E+03
 3.34262E+03	 1.39110E+03
 3.34456E+03	 1.39430E+03
 3.34649E+03	 1.39448E+03
 3.34842E+03	 1.39400E+03
 3.35035E+03	 1.39240E+03
 3.35228E+03	 1.39182E+03
 3.35421E+03	 1.39356E+03
 3.35614E+03	 1.39116E+03
 3.35807E+03	 1.38974E+03
 3.36000E+03	 1.39440E+03
 3.36193E+03	 1.39288E+03
 3.36386E+03	 1.39378E+03
 3.36578E+03	 1.39280E+03
 3.36771E+03	 1.39440E+03
 3.36964E+03	 1.39168E+03
 3.37156E+03	 1.39172E+03
 3.37349E+03	 1.39144E+03
 3.37541E+03	 1.39202E+03
 3.37734E+03	 1.38988E+03
 3.37926E+03	 1.39136E+03
 3.38118E+03	 1.39364E+03
 3.38311E+03	 1.39048E+03
 3.38503E+03	 1.39258E+03
 3.38695E+03	 1.39176E+03
 3.38887E+03	 1.39188E+03
 3.39079E+03	 1.39052E+03
 3.39271E+03	 1.39232E+03
 3.39463E+03	 1.39258E+03
 3.39655E+03	 1.39158E+03
 3.39847E+03	 1.39094E+03
 3.40039E+03	 1.38970E+03
 3.40231E+03	 1.39136E+03
 3.40422E+03	 1.39096E+03
 3.40614E+03	 1.39234E+03
 3.40806E+03	 1.39294E+03
 3.40997E+03	 1.39318E+03
 3.41189E+03	 1.39128E+03
 3.41380E+03	 1.39084E+03
 3.41571E+03	 1.39288E+03
 3.41763E+03	 1.38968E+03
 3.41954E+03	 1.39120E+03
 3.42145E+03	 1.39036E+03
 3.42337E+03	 1.39266E+03
 3.42528E+03	 1.39060E+03
 3.42719E+03	 1.38854E+03
 3.42910E+03	 1.38662E+03
 3.43101E+03	 1.38806E+03
 3.43292E+03	 1.39038E+03
 3.43483E+03	 1.39104E+03
 3.43674E+03	 1.39068E+03
 3.43864E+03	 1.39208E+03
 3.44055E+03	 1.38962E+03
 3.44246E+03	 1.39128E+03
 3.44437E+03	 1.38854E+03
 3.44627E+03	 1.38724E+03
 3.44818E+03	 1.38826E+03
 3.45008E+03	 1.38868E+03
 3.45199E+03	 1.39036E+03
 3.45389E+03	 1.38778E+03
 3.45579E+03	 1.38718E+03
 3.45770E+03	 1.38884E+03
 3.45960E+03	 1.38872E+03
 3.46150E+03	 1.38992E+03
 3.46340E+03	 1.38702E+03
 3.46530E+03	 1.38796E+03
 3.46721E+03	 1.38850E+03
 3.46911E+03	 1.38938E+03
 3.47101E+03	 1.38802E+03
 3.47290E+03	 1.38818E+03
 3.47480E+03	 1.38770E+03
 3.47670E+03	 1.38942E+03
 3.47860E+03	 1.38952E+03
 3.48050E+03	 1.38878E+03
 3.48239E+03	 1.38746E+03
 3.48429E+03	 1.38830E+03
 3.48618E+03	 1.38606E+03
 3.48808E+03	 1.38700E+03
 3.48997E+03	 1.38376E+03
 3.49187E+03	 1.38792E+03
 3.49376E+03	 1.39028E+03
 3.49565E+03	 1.38772E+03
 3.49755E+03	 1.38950E+03
 3.49944E+03	 1.38804E+03
 3.50133E+03	 1.38642E+03
 3.50322E+03	 1.38804E+03
 3.50511E+03	 1.38596E+03
 3.50700E+03	 1.38710E+03
 3.50889E+03	 1.38666E+03
 3.51078E+03	 1.38706E+03
 3.51267E+03	 1.38612E+03
 3.51456E+03	 1.38694E+03
 3.51645E+03	 1.38852E+03
 3.51833E+03	 1.38818E+03
 3.52022E+03	 1.38642E+03
 3.52211E+03	 1.38508E+03
 3.52399E+03	 1.38552E+03
 3.52588E+03	 1.38458E+03
 3.52776E+03	 1.38672E+03
 3.52965E+03	 1.38492E+03
 3.53153E+03	 1.38696E+03
 3.53341E+03	 1.38692E+03
 3.53530E+03	 1.38648E+03
 3.53718E+03	 1.38632E+03
 3.53906E+03	 1.38440E+03
 3.54094E+03	 1.38554E+03
 3.54282E+03	 1.38562E+03
 3.54470E+03	 1.38688E+03
 3.54658E+03	 1.38670E+03
 3.54846E+03	 1.38506E+03
 3.55034E+03	 1.38556E+03
 3.55222E+03	 1.38512E+03
 3.55410E+03	 1.38576E+03
 3.55598E+03	 1.38660E+03
 3.55785E+03	 1.38558E+03
 3.55973E+03	 1.38596E+03
 3.56161E+03	 1.38544E+03
 3.56348E+03	 1.38532E+03
 3.56536E+03	 1.38572E+03
 3.56723E+03	 1.38708E+03
 3.56910E+03	 1.38340E+03
 3.57098E+03	 1.38436E+03
 3.57285E+03	 1.38384E+03
 3.57472E+03	 1.38404E+03
 3.57660E+03	 1.38508E+03
 3.57847E+03	 1.38486E+03
 3.58034E+03	 1.38646E+03
 3.58221E+03	 1.38574E+03
 3.58408E+03	 1.38300E+03
 3.58595E+03	 1.38494E+03
 3.58782E+03	 1.38428E+03
 3.58969E+03	 1.38422E+03
 3.59156E+03	 1.38390E+03
 3.59342E+03	 1.38418E+03
 3.59529E+03	 1.38378E+03
 3.59716E+03	 1.38436E+03
 3.59902E+03	 1.38506E+03
 3.60089E+03	 1.38262E+03
 3.60275E+03	 1.38308E+03
 3.60462E+03	 1.38218E+03
 3.60648E+03	 1.38336E+03
 3.60835E+03	 1.38212E+03
 3.61021E+03	 1.38174E+03
 3.61207E+03	 1.38540E+03
 3.61394E+03	 1.38280E+03
 3.61580E+03	 1.38364E+03
 3.61766E+03	 1.38208E+03
 3.61952E+03	 1.38426E+03
 3.62138E+03	 1.38420E+03
 3.62324E+03	 1.38272E+03
 3.62510E+03	 1.38258E+03
 3.62696E+03	 1.38104E+03
 3.62882E+03	 1.38340E+03
 3.63068E+03	 1.38178E+03
 3.63254E+03	 1.38166E+03
 3.63439E+03	 1.38268E+03
 3.63625E+03	 1.38158E+03
 3.63811E+03	 1.38128E+03
 3.63996E+03	 1.38078E+03
 3.64182E+03	 1.38078E+03
 3.64367E+03	 1.38296E+03
 3.64553E+03	 1.38162E+03
 3.64738E+03	 1.38220E+03
 3.64923E+03	 1.38402E+03
 3.65109E+03	 1.37950E+03
 3.65294E+03	 1.38226E+03
 3.65479E+03	 1.38134E+03
 3.65664E+03	 1.37980E+03
 3.65849E+03	 1.38180E+03
 3.66034E+03	 1.38122E+03
 3.66219E+03	 1.38086E+03
 3.66404E+03	 1.38248E+03
 3.66589E+03	 1.38186E+03
 3.66774E+03	 1.38400E+03
 3.66959E+03	 1.38112E+03
 3.67144E+03	 1.38252E+03
 3.67328E+03	 1.38092E+03
 3.67513E+03	 1.38150E+03
 3.67698E+03	 1.38032E+03
 3.67882E+03	 1.38074E+03
 3.68067E+03	 1.38122E+03
 3.68251E+03	 1.38280E+03
 3.68436E+03	 1.38144E+03
 3.68620E+03	 1.38214E+03
 3.68804E+03	 1.38158E+03
 3.68989E+03	 1.38120E+03
 3.69173E+03	 1.38312E+03
 3.69357E+03	 1.38174E+03
 3.69541E+03	 1.38202E+03
 3.69725E+03	 1.37898E+03
 3.69909E+03	 1.38090E+03
 3.70093E+03	 1.37998E+03
 3.70277E+03	 1.38168E+03
 3.70461E+03	 1.38062E+03
 3.70645E+03	 1.37820E+03
 3.70829E+03	 1.37868E+03
 3.71013E+03	 1.38006E+03
 3.71197E+03	 1.37950E+03
 3.71380E+03	 1.37892E+03
 3.71564E+03	 1.37960E+03
 3.71747E+03	 1.37772E+03
 3.71931E+03	 1.37880E+03
 3.72115E+03	 1.38018E+03
 3.72298E+03	 1.37996E+03
 3.72481E+03	 1.38006E+03
 3.72665E+03	 1.37856E+03
 3.72848E+03	 1.37902E+03
 3.73031E+03	 1.37886E+03
 3.73214E+03	 1.37962E+03
