//Exported ASCII-File
[Header]
FileName = D:\User\JN 25\JN25045\Alex Leide annealing\REFEL Ne 300 2,5dpa\REFEL Si 750 2,5dpa anneal.wip
GraphName = REFEL Si 750 2,5dpa RT End No Window--Spectrum--029--Spec.Data 1
SizeX = 1
SizeY = 1
SizeGraph = 1600
PositionUnit = 痠
PositionX = 3511.70000002328
PositionY = 9787.40000002328
PositionZ = 9.33
XAxisUnit = rel. 1/cm
DataUnit = CCD cts

[Data]
X-Axis	REFEL Si 750 2,5dpa RT End No Window--Spectrum--029--Spec.Data 1
 2.65845E+01	 1.34728E+03
 2.95325E+01	 1.34704E+03
 3.24795E+01	 1.34734E+03
 3.54254E+01	 1.34862E+03
 3.83703E+01	 1.34724E+03
 4.13142E+01	 1.34786E+03
 4.42570E+01	 1.34882E+03
 4.71989E+01	 1.34806E+03
 5.01397E+01	 1.34798E+03
 5.30795E+01	 1.35044E+03
 5.60182E+01	 1.35720E+03
 5.89559E+01	 1.38058E+03
 6.18927E+01	 1.44782E+03
 6.48283E+01	 1.60672E+03
 6.77630E+01	 1.82710E+03
 7.06967E+01	 2.07304E+03
 7.36293E+01	 2.26692E+03
 7.65609E+01	 2.36762E+03
 7.94915E+01	 2.41756E+03
 8.24211E+01	 2.44554E+03
 8.53496E+01	 2.45332E+03
 8.82771E+01	 2.49192E+03
 9.12037E+01	 2.51930E+03
 9.41292E+01	 2.55414E+03
 9.70536E+01	 2.56864E+03
 9.99771E+01	 2.59832E+03
 1.02900E+02	 2.61212E+03
 1.05821E+02	 2.62278E+03
 1.08741E+02	 2.64318E+03
 1.11661E+02	 2.66100E+03
 1.14579E+02	 2.68910E+03
 1.17497E+02	 2.73440E+03
 1.20413E+02	 2.76214E+03
 1.23328E+02	 2.79054E+03
 1.26243E+02	 2.84666E+03
 1.29156E+02	 2.87370E+03
 1.32068E+02	 2.91676E+03
 1.34980E+02	 2.93966E+03
 1.37890E+02	 2.98038E+03
 1.40799E+02	 3.01010E+03
 1.43708E+02	 3.05616E+03
 1.46615E+02	 3.13544E+03
 1.49521E+02	 3.20128E+03
 1.52427E+02	 3.27966E+03
 1.55331E+02	 3.28816E+03
 1.58234E+02	 3.30368E+03
 1.61137E+02	 3.31566E+03
 1.64038E+02	 3.34134E+03
 1.66938E+02	 3.36354E+03
 1.69837E+02	 3.38616E+03
 1.72736E+02	 3.42036E+03
 1.75633E+02	 3.46460E+03
 1.78529E+02	 3.47778E+03
 1.81425E+02	 3.50804E+03
 1.84319E+02	 3.52108E+03
 1.87212E+02	 3.53634E+03
 1.90105E+02	 3.57176E+03
 1.92996E+02	 3.56660E+03
 1.95886E+02	 3.59106E+03
 1.98775E+02	 3.59660E+03
 2.01664E+02	 3.61014E+03
 2.04551E+02	 3.61502E+03
 2.07437E+02	 3.61042E+03
 2.10323E+02	 3.60846E+03
 2.13207E+02	 3.63006E+03
 2.16090E+02	 3.60570E+03
 2.18973E+02	 3.60900E+03
 2.21854E+02	 3.59524E+03
 2.24735E+02	 3.57404E+03
 2.27614E+02	 3.58888E+03
 2.30492E+02	 3.57306E+03
 2.33370E+02	 3.58006E+03
 2.36246E+02	 3.55966E+03
 2.39122E+02	 3.56268E+03
 2.41996E+02	 3.56496E+03
 2.44870E+02	 3.56606E+03
 2.47742E+02	 3.56428E+03
 2.50614E+02	 3.58026E+03
 2.53484E+02	 3.58006E+03
 2.56354E+02	 3.56678E+03
 2.59222E+02	 3.57108E+03
 2.62090E+02	 3.58450E+03
 2.64956E+02	 3.57200E+03
 2.67822E+02	 3.56750E+03
 2.70687E+02	 3.53624E+03
 2.73550E+02	 3.52218E+03
 2.76413E+02	 3.49450E+03
 2.79275E+02	 3.48116E+03
 2.82135E+02	 3.44948E+03
 2.84995E+02	 3.44442E+03
 2.87854E+02	 3.41394E+03
 2.90711E+02	 3.39946E+03
 2.93568E+02	 3.37982E+03
 2.96424E+02	 3.36586E+03
 2.99279E+02	 3.36844E+03
 3.02133E+02	 3.34794E+03
 3.04986E+02	 3.36094E+03
 3.07838E+02	 3.33628E+03
 3.10689E+02	 3.32912E+03
 3.13538E+02	 3.32124E+03
 3.16387E+02	 3.32290E+03
 3.19236E+02	 3.32406E+03
 3.22083E+02	 3.31276E+03
 3.24929E+02	 3.29642E+03
 3.27774E+02	 3.27784E+03
 3.30618E+02	 3.28428E+03
 3.33461E+02	 3.27226E+03
 3.36303E+02	 3.27358E+03
 3.39145E+02	 3.26850E+03
 3.41985E+02	 3.26540E+03
 3.44824E+02	 3.27186E+03
 3.47663E+02	 3.26264E+03
 3.50500E+02	 3.26384E+03
 3.53336E+02	 3.26428E+03
 3.56172E+02	 3.25606E+03
 3.59006E+02	 3.26148E+03
 3.61840E+02	 3.26180E+03
 3.64672E+02	 3.26170E+03
 3.67504E+02	 3.26508E+03
 3.70335E+02	 3.26254E+03
 3.73164E+02	 3.27404E+03
 3.75993E+02	 3.27898E+03
 3.78821E+02	 3.26088E+03
 3.81648E+02	 3.26444E+03
 3.84473E+02	 3.26724E+03
 3.87298E+02	 3.26232E+03
 3.90122E+02	 3.24948E+03
 3.92945E+02	 3.24830E+03
 3.95767E+02	 3.24844E+03
 3.98588E+02	 3.24816E+03
 4.01408E+02	 3.23624E+03
 4.04227E+02	 3.24862E+03
 4.07046E+02	 3.24526E+03
 4.09863E+02	 3.25094E+03
 4.12679E+02	 3.25204E+03
 4.15494E+02	 3.25100E+03
 4.18309E+02	 3.27070E+03
 4.21122E+02	 3.26402E+03
 4.23935E+02	 3.27422E+03
 4.26746E+02	 3.28394E+03
 4.29557E+02	 3.27726E+03
 4.32366E+02	 3.28164E+03
 4.35175E+02	 3.27908E+03
 4.37983E+02	 3.28826E+03
 4.40790E+02	 3.30304E+03
 4.43595E+02	 3.29930E+03
 4.46400E+02	 3.30352E+03
 4.49204E+02	 3.30064E+03
 4.52007E+02	 3.30520E+03
 4.54809E+02	 3.30238E+03
 4.57610E+02	 3.31178E+03
 4.60410E+02	 3.28980E+03
 4.63210E+02	 3.27788E+03
 4.66008E+02	 3.28928E+03
 4.68805E+02	 3.27938E+03
 4.71602E+02	 3.29980E+03
 4.74397E+02	 3.28438E+03
 4.77192E+02	 3.31272E+03
 4.79985E+02	 3.31978E+03
 4.82778E+02	 3.33788E+03
 4.85569E+02	 3.36362E+03
 4.88360E+02	 3.38978E+03
 4.91150E+02	 3.41220E+03
 4.93939E+02	 3.43652E+03
 4.96727E+02	 3.49606E+03
 4.99514E+02	 3.52482E+03
 5.02300E+02	 3.58820E+03
 5.05085E+02	 3.65144E+03
 5.07869E+02	 3.74104E+03
 5.10652E+02	 3.85346E+03
 5.13435E+02	 4.02584E+03
 5.16216E+02	 4.18568E+03
 5.18996E+02	 4.30328E+03
 5.21776E+02	 4.34536E+03
 5.24554E+02	 4.32128E+03
 5.27332E+02	 4.25516E+03
 5.30109E+02	 4.19324E+03
 5.32885E+02	 4.13258E+03
 5.35659E+02	 4.07536E+03
 5.38433E+02	 4.02258E+03
 5.41206E+02	 3.99514E+03
 5.43978E+02	 3.97410E+03
 5.46750E+02	 3.95014E+03
 5.49520E+02	 3.91414E+03
 5.52289E+02	 3.87388E+03
 5.55057E+02	 3.84668E+03
 5.57825E+02	 3.84108E+03
 5.60591E+02	 3.82704E+03
 5.63357E+02	 3.82118E+03
 5.66122E+02	 3.80052E+03
 5.68885E+02	 3.78804E+03
 5.71648E+02	 3.76736E+03
 5.74410E+02	 3.74984E+03
 5.77171E+02	 3.68742E+03
 5.79931E+02	 3.64712E+03
 5.82690E+02	 3.58720E+03
 5.85448E+02	 3.53156E+03
 5.88206E+02	 3.46924E+03
 5.90962E+02	 3.40064E+03
 5.93717E+02	 3.35282E+03
 5.96472E+02	 3.30550E+03
 5.99225E+02	 3.23382E+03
 6.01978E+02	 3.20308E+03
 6.04730E+02	 3.15252E+03
 6.07481E+02	 3.11176E+03
 6.10231E+02	 3.07386E+03
 6.12980E+02	 3.03164E+03
 6.15728E+02	 3.02192E+03
 6.18475E+02	 3.00392E+03
 6.21221E+02	 2.98410E+03
 6.23967E+02	 2.96114E+03
 6.26711E+02	 2.94576E+03
 6.29454E+02	 2.91372E+03
 6.32197E+02	 2.91406E+03
 6.34939E+02	 2.91304E+03
 6.37680E+02	 2.90406E+03
 6.40419E+02	 2.90952E+03
 6.43158E+02	 2.91104E+03
 6.45896E+02	 2.93318E+03
 6.48634E+02	 2.93050E+03
 6.51370E+02	 2.95778E+03
 6.54105E+02	 2.97102E+03
 6.56840E+02	 2.99348E+03
 6.59573E+02	 3.03932E+03
 6.62306E+02	 3.05450E+03
 6.65037E+02	 3.07520E+03
 6.67768E+02	 3.04554E+03
 6.70498E+02	 3.03842E+03
 6.73227E+02	 2.98486E+03
 6.75955E+02	 2.96560E+03
 6.78682E+02	 2.94106E+03
 6.81409E+02	 2.93196E+03
 6.84134E+02	 2.93216E+03
 6.86858E+02	 2.94828E+03
 6.89582E+02	 2.94104E+03
 6.92305E+02	 2.95338E+03
 6.95026E+02	 2.96674E+03
 6.97747E+02	 2.98182E+03
 7.00467E+02	 3.00414E+03
 7.03186E+02	 3.02378E+03
 7.05905E+02	 3.05742E+03
 7.08622E+02	 3.09746E+03
 7.11338E+02	 3.12426E+03
 7.14054E+02	 3.16060E+03
 7.16768E+02	 3.16658E+03
 7.19482E+02	 3.20526E+03
 7.22195E+02	 3.22194E+03
 7.24907E+02	 3.23466E+03
 7.27618E+02	 3.25078E+03
 7.30328E+02	 3.27486E+03
 7.33037E+02	 3.29430E+03
 7.35745E+02	 3.31118E+03
 7.38453E+02	 3.33754E+03
 7.41159E+02	 3.35262E+03
 7.43865E+02	 3.39668E+03
 7.46569E+02	 3.42464E+03
 7.49273E+02	 3.46622E+03
 7.51976E+02	 3.49032E+03
 7.54678E+02	 3.53198E+03
 7.57379E+02	 3.57540E+03
 7.60080E+02	 3.61274E+03
 7.62779E+02	 3.68426E+03
 7.65478E+02	 3.76636E+03
 7.68175E+02	 3.82422E+03
 7.70872E+02	 3.82526E+03
 7.73568E+02	 3.78832E+03
 7.76263E+02	 3.77396E+03
 7.78957E+02	 3.80974E+03
 7.81650E+02	 3.88216E+03
 7.84342E+02	 4.01142E+03
 7.87034E+02	 4.19686E+03
 7.89724E+02	 4.29530E+03
 7.92414E+02	 4.18034E+03
 7.95103E+02	 4.01206E+03
 7.97791E+02	 3.85420E+03
 8.00478E+02	 3.71820E+03
 8.03164E+02	 3.58202E+03
 8.05849E+02	 3.46578E+03
 8.08533E+02	 3.37926E+03
 8.11217E+02	 3.33402E+03
 8.13899E+02	 3.29246E+03
 8.16581E+02	 3.26078E+03
 8.19262E+02	 3.23850E+03
 8.21942E+02	 3.23130E+03
 8.24621E+02	 3.22674E+03
 8.27299E+02	 3.26166E+03
 8.29977E+02	 3.27152E+03
 8.32653E+02	 3.31072E+03
 8.35329E+02	 3.30036E+03
 8.38003E+02	 3.31678E+03
 8.40677E+02	 3.33926E+03
 8.43350E+02	 3.34706E+03
 8.46022E+02	 3.35134E+03
 8.48693E+02	 3.35934E+03
 8.51364E+02	 3.36260E+03
 8.54033E+02	 3.37072E+03
 8.56702E+02	 3.36588E+03
 8.59370E+02	 3.37164E+03
 8.62036E+02	 3.37734E+03
 8.64702E+02	 3.37724E+03
 8.67367E+02	 3.38548E+03
 8.70032E+02	 3.37052E+03
 8.72695E+02	 3.35642E+03
 8.75358E+02	 3.35774E+03
 8.78019E+02	 3.33628E+03
 8.80680E+02	 3.34422E+03
 8.83340E+02	 3.33152E+03
 8.85999E+02	 3.34158E+03
 8.88657E+02	 3.33930E+03
 8.91314E+02	 3.34130E+03
 8.93971E+02	 3.34522E+03
 8.96626E+02	 3.33924E+03
 8.99281E+02	 3.33658E+03
 9.01935E+02	 3.34732E+03
 9.04588E+02	 3.35018E+03
 9.07240E+02	 3.34834E+03
 9.09891E+02	 3.36394E+03
 9.12541E+02	 3.37116E+03
 9.15191E+02	 3.37880E+03
 9.17840E+02	 3.40262E+03
 9.20487E+02	 3.40358E+03
 9.23134E+02	 3.41712E+03
 9.25780E+02	 3.42856E+03
 9.28426E+02	 3.45712E+03
 9.31070E+02	 3.46932E+03
 9.33714E+02	 3.48088E+03
 9.36356E+02	 3.51020E+03
 9.38998E+02	 3.53052E+03
 9.41639E+02	 3.54714E+03
 9.44279E+02	 3.58654E+03
 9.46918E+02	 3.59882E+03
 9.49557E+02	 3.60820E+03
 9.52194E+02	 3.60458E+03
 9.54831E+02	 3.55900E+03
 9.57466E+02	 3.48492E+03
 9.60101E+02	 3.37646E+03
 9.62735E+02	 3.29618E+03
 9.65369E+02	 3.24390E+03
 9.68001E+02	 3.18698E+03
 9.70633E+02	 3.08744E+03
 9.73263E+02	 3.01960E+03
 9.75893E+02	 2.95040E+03
 9.78522E+02	 2.92366E+03
 9.81150E+02	 2.90658E+03
 9.83777E+02	 2.87680E+03
 9.86404E+02	 2.87480E+03
 9.89029E+02	 2.85386E+03
 9.91654E+02	 2.86524E+03
 9.94278E+02	 2.85484E+03
 9.96901E+02	 2.82444E+03
 9.99523E+02	 2.82866E+03
 1.00214E+03	 2.82574E+03
 1.00477E+03	 2.81438E+03
 1.00738E+03	 2.81372E+03
 1.01000E+03	 2.82550E+03
 1.01262E+03	 2.80398E+03
 1.01524E+03	 2.82076E+03
 1.01785E+03	 2.81848E+03
 1.02047E+03	 2.80824E+03
 1.02308E+03	 2.80848E+03
 1.02570E+03	 2.79516E+03
 1.02831E+03	 2.81886E+03
 1.03092E+03	 2.80056E+03
 1.03353E+03	 2.81824E+03
 1.03614E+03	 2.81816E+03
 1.03875E+03	 2.81720E+03
 1.04136E+03	 2.81210E+03
 1.04397E+03	 2.81824E+03
 1.04658E+03	 2.83098E+03
 1.04918E+03	 2.81972E+03
 1.05179E+03	 2.82230E+03
 1.05439E+03	 2.82150E+03
 1.05700E+03	 2.83298E+03
 1.05960E+03	 2.80810E+03
 1.06220E+03	 2.80674E+03
 1.06480E+03	 2.80768E+03
 1.06740E+03	 2.80670E+03
 1.07000E+03	 2.80734E+03
 1.07260E+03	 2.80046E+03
 1.07520E+03	 2.80464E+03
 1.07780E+03	 2.80074E+03
 1.08039E+03	 2.79766E+03
 1.08299E+03	 2.80664E+03
 1.08558E+03	 2.81482E+03
 1.08818E+03	 2.80430E+03
 1.09077E+03	 2.80866E+03
 1.09336E+03	 2.80192E+03
 1.09595E+03	 2.80870E+03
 1.09854E+03	 2.79104E+03
 1.10113E+03	 2.79886E+03
 1.10372E+03	 2.79244E+03
 1.10631E+03	 2.80182E+03
 1.10890E+03	 2.79618E+03
 1.11148E+03	 2.80686E+03
 1.11407E+03	 2.80928E+03
 1.11665E+03	 2.80332E+03
 1.11924E+03	 2.81116E+03
 1.12182E+03	 2.81128E+03
 1.12440E+03	 2.81432E+03
 1.12698E+03	 2.81038E+03
 1.12956E+03	 2.81072E+03
 1.13214E+03	 2.81140E+03
 1.13472E+03	 2.81348E+03
 1.13730E+03	 2.81110E+03
 1.13987E+03	 2.80520E+03
 1.14245E+03	 2.81004E+03
 1.14503E+03	 2.82334E+03
 1.14760E+03	 2.79928E+03
 1.15017E+03	 2.80578E+03
 1.15275E+03	 2.80320E+03
 1.15532E+03	 2.79602E+03
 1.15789E+03	 2.79852E+03
 1.16046E+03	 2.78466E+03
 1.16303E+03	 2.79086E+03
 1.16560E+03	 2.79406E+03
 1.16817E+03	 2.78908E+03
 1.17074E+03	 2.78292E+03
 1.17330E+03	 2.78294E+03
 1.17587E+03	 2.77392E+03
 1.17843E+03	 2.77312E+03
 1.18100E+03	 2.76606E+03
 1.18356E+03	 2.77338E+03
 1.18612E+03	 2.78222E+03
 1.18868E+03	 2.76392E+03
 1.19124E+03	 2.76524E+03
 1.19380E+03	 2.75682E+03
 1.19636E+03	 2.75824E+03
 1.19892E+03	 2.77070E+03
 1.20148E+03	 2.77568E+03
 1.20404E+03	 2.77080E+03
 1.20659E+03	 2.77114E+03
 1.20915E+03	 2.77274E+03
 1.21170E+03	 2.77400E+03
 1.21425E+03	 2.77170E+03
 1.21681E+03	 2.76862E+03
 1.21936E+03	 2.77320E+03
 1.22191E+03	 2.76134E+03
 1.22446E+03	 2.76712E+03
 1.22701E+03	 2.77070E+03
 1.22956E+03	 2.76858E+03
 1.23210E+03	 2.75696E+03
 1.23465E+03	 2.76340E+03
 1.23720E+03	 2.75970E+03
 1.23974E+03	 2.75372E+03
 1.24229E+03	 2.74816E+03
 1.24483E+03	 2.76708E+03
 1.24737E+03	 2.75792E+03
 1.24992E+03	 2.75496E+03
 1.25246E+03	 2.74982E+03
 1.25500E+03	 2.73850E+03
 1.25754E+03	 2.75628E+03
 1.26008E+03	 2.74478E+03
 1.26261E+03	 2.75064E+03
 1.26515E+03	 2.75224E+03
 1.26769E+03	 2.74464E+03
 1.27022E+03	 2.74492E+03
 1.27276E+03	 2.74740E+03
 1.27529E+03	 2.74322E+03
 1.27783E+03	 2.73456E+03
 1.28036E+03	 2.74568E+03
 1.28289E+03	 2.73214E+03
 1.28542E+03	 2.73718E+03
 1.28795E+03	 2.73726E+03
 1.29048E+03	 2.73976E+03
 1.29301E+03	 2.74738E+03
 1.29554E+03	 2.73820E+03
 1.29806E+03	 2.73872E+03
 1.30059E+03	 2.74558E+03
 1.30311E+03	 2.74434E+03
 1.30564E+03	 2.72692E+03
 1.30816E+03	 2.72660E+03
 1.31069E+03	 2.74114E+03
 1.31321E+03	 2.73954E+03
 1.31573E+03	 2.75420E+03
 1.31825E+03	 2.76020E+03
 1.32077E+03	 2.75124E+03
 1.32329E+03	 2.74380E+03
 1.32581E+03	 2.75064E+03
 1.32832E+03	 2.75216E+03
 1.33084E+03	 2.75278E+03
 1.33336E+03	 2.74072E+03
 1.33587E+03	 2.74582E+03
 1.33838E+03	 2.75130E+03
 1.34090E+03	 2.75236E+03
 1.34341E+03	 2.75092E+03
 1.34592E+03	 2.74724E+03
 1.34843E+03	 2.75736E+03
 1.35094E+03	 2.74960E+03
 1.35345E+03	 2.75760E+03
 1.35596E+03	 2.74544E+03
 1.35847E+03	 2.75586E+03
 1.36098E+03	 2.75806E+03
 1.36348E+03	 2.74474E+03
 1.36599E+03	 2.75666E+03
 1.36849E+03	 2.75232E+03
 1.37100E+03	 2.75326E+03
 1.37350E+03	 2.74140E+03
 1.37600E+03	 2.75364E+03
 1.37850E+03	 2.74572E+03
 1.38100E+03	 2.74972E+03
 1.38350E+03	 2.74160E+03
 1.38600E+03	 2.74346E+03
 1.38850E+03	 2.72896E+03
 1.39100E+03	 2.72984E+03
 1.39350E+03	 2.72330E+03
 1.39599E+03	 2.72364E+03
 1.39849E+03	 2.72010E+03
 1.40098E+03	 2.72736E+03
 1.40348E+03	 2.71260E+03
 1.40597E+03	 2.71878E+03
 1.40846E+03	 2.70392E+03
 1.41095E+03	 2.71312E+03
 1.41344E+03	 2.71332E+03
 1.41593E+03	 2.71692E+03
 1.41842E+03	 2.71648E+03
 1.42091E+03	 2.70212E+03
 1.42340E+03	 2.71212E+03
 1.42588E+03	 2.70000E+03
 1.42837E+03	 2.69892E+03
 1.43086E+03	 2.70274E+03
 1.43334E+03	 2.70796E+03
 1.43582E+03	 2.69054E+03
 1.43831E+03	 2.70848E+03
 1.44079E+03	 2.70134E+03
 1.44327E+03	 2.70452E+03
 1.44575E+03	 2.70520E+03
 1.44823E+03	 2.69524E+03
 1.45071E+03	 2.69260E+03
 1.45319E+03	 2.69574E+03
 1.45566E+03	 2.69086E+03
 1.45814E+03	 2.69610E+03
 1.46062E+03	 2.68990E+03
 1.46309E+03	 2.68288E+03
 1.46557E+03	 2.69722E+03
 1.46804E+03	 2.68998E+03
 1.47051E+03	 2.67688E+03
 1.47298E+03	 2.69614E+03
 1.47546E+03	 2.68958E+03
 1.47793E+03	 2.68572E+03
 1.48040E+03	 2.67700E+03
 1.48286E+03	 2.67192E+03
 1.48533E+03	 2.69512E+03
 1.48780E+03	 2.67588E+03
 1.49027E+03	 2.67848E+03
 1.49273E+03	 2.68036E+03
 1.49520E+03	 2.67798E+03
 1.49766E+03	 2.69802E+03
 1.50013E+03	 2.68164E+03
 1.50259E+03	 2.69780E+03
 1.50505E+03	 2.69566E+03
 1.50751E+03	 2.68860E+03
 1.50997E+03	 2.70374E+03
 1.51243E+03	 2.70220E+03
 1.51489E+03	 2.70934E+03
 1.51735E+03	 2.70212E+03
 1.51981E+03	 2.70288E+03
 1.52226E+03	 2.71174E+03
 1.52472E+03	 2.69812E+03
 1.52718E+03	 2.71012E+03
 1.52963E+03	 2.68824E+03
 1.53208E+03	 2.70208E+03
 1.53454E+03	 2.70628E+03
 1.53699E+03	 2.70026E+03
 1.53944E+03	 2.70308E+03
 1.54189E+03	 2.71534E+03
 1.54434E+03	 2.70786E+03
 1.54679E+03	 2.71342E+03
 1.54924E+03	 2.70024E+03
 1.55169E+03	 2.70102E+03
 1.55413E+03	 2.70234E+03
 1.55658E+03	 2.69906E+03
 1.55902E+03	 2.70894E+03
 1.56147E+03	 2.71080E+03
 1.56391E+03	 2.69868E+03
 1.56636E+03	 2.70830E+03
 1.56880E+03	 2.69486E+03
 1.57124E+03	 2.69874E+03
 1.57368E+03	 2.68798E+03
 1.57612E+03	 2.69730E+03
 1.57856E+03	 2.70314E+03
 1.58100E+03	 2.68988E+03
 1.58344E+03	 2.69494E+03
 1.58587E+03	 2.68352E+03
 1.58831E+03	 2.68060E+03
 1.59074E+03	 2.66800E+03
 1.59318E+03	 2.67700E+03
 1.59561E+03	 2.67824E+03
 1.59805E+03	 2.67634E+03
 1.60048E+03	 2.68214E+03
 1.60291E+03	 2.67628E+03
 1.60534E+03	 2.67472E+03
 1.60777E+03	 2.66602E+03
 1.61020E+03	 2.66874E+03
 1.61263E+03	 2.66724E+03
 1.61506E+03	 2.66016E+03
 1.61749E+03	 2.66104E+03
 1.61991E+03	 2.66562E+03
 1.62234E+03	 2.66926E+03
 1.62476E+03	 2.65030E+03
 1.62719E+03	 2.66434E+03
 1.62961E+03	 2.65330E+03
 1.63203E+03	 2.65618E+03
 1.63446E+03	 2.64790E+03
 1.63688E+03	 2.66008E+03
 1.63930E+03	 2.66064E+03
 1.64172E+03	 2.66238E+03
 1.64414E+03	 2.66132E+03
 1.64656E+03	 2.65510E+03
 1.64897E+03	 2.65676E+03
 1.65139E+03	 2.65416E+03
 1.65381E+03	 2.66720E+03
 1.65622E+03	 2.65252E+03
 1.65864E+03	 2.66536E+03
 1.66105E+03	 2.65702E+03
 1.66346E+03	 2.66164E+03
 1.66588E+03	 2.67392E+03
 1.66829E+03	 2.66284E+03
 1.67070E+03	 2.67224E+03
 1.67311E+03	 2.67200E+03
 1.67552E+03	 2.67466E+03
 1.67793E+03	 2.67590E+03
 1.68034E+03	 2.68070E+03
 1.68274E+03	 2.67698E+03
 1.68515E+03	 2.67710E+03
 1.68756E+03	 2.67468E+03
 1.68996E+03	 2.68034E+03
 1.69236E+03	 2.68402E+03
 1.69477E+03	 2.67886E+03
 1.69717E+03	 2.68496E+03
 1.69957E+03	 2.67828E+03
 1.70197E+03	 2.67612E+03
 1.70438E+03	 2.67900E+03
 1.70678E+03	 2.68840E+03
 1.70917E+03	 2.68550E+03
 1.71157E+03	 2.68786E+03
 1.71397E+03	 2.67190E+03
 1.71637E+03	 2.67940E+03
 1.71876E+03	 2.66902E+03
 1.72116E+03	 2.65784E+03
 1.72355E+03	 2.66864E+03
 1.72595E+03	 2.65070E+03
 1.72834E+03	 2.64844E+03
 1.73073E+03	 2.63050E+03
 1.73313E+03	 2.61920E+03
 1.73552E+03	 2.60950E+03
 1.73791E+03	 2.60506E+03
 1.74030E+03	 2.59492E+03
 1.74269E+03	 2.60166E+03
 1.74507E+03	 2.60858E+03
 1.74746E+03	 2.61982E+03
 1.74985E+03	 2.62796E+03
 1.75224E+03	 2.63408E+03
 1.75462E+03	 2.64386E+03
 1.75701E+03	 2.63378E+03
 1.75939E+03	 2.63302E+03
 1.76177E+03	 2.63322E+03
 1.76415E+03	 2.63160E+03
 1.76654E+03	 2.61854E+03
 1.76892E+03	 2.62952E+03
 1.77130E+03	 2.63216E+03
 1.77368E+03	 2.62880E+03
 1.77606E+03	 2.63462E+03
 1.77843E+03	 2.62910E+03
 1.78081E+03	 2.62154E+03
 1.78319E+03	 2.62406E+03
 1.78556E+03	 2.63152E+03
 1.78794E+03	 2.62454E+03
 1.79031E+03	 2.60888E+03
 1.79269E+03	 2.61456E+03
 1.79506E+03	 2.62744E+03
 1.79743E+03	 2.61702E+03
 1.79981E+03	 2.61526E+03
 1.80218E+03	 2.60338E+03
 1.80455E+03	 2.60908E+03
 1.80692E+03	 2.60838E+03
 1.80928E+03	 2.61478E+03
 1.81165E+03	 2.60260E+03
 1.81402E+03	 2.60924E+03
 1.81639E+03	 2.61198E+03
 1.81875E+03	 2.59262E+03
 1.82112E+03	 2.59516E+03
 1.82348E+03	 2.59594E+03
 1.82585E+03	 2.59934E+03
 1.82821E+03	 2.60598E+03
 1.83057E+03	 2.60152E+03
 1.83293E+03	 2.60122E+03
 1.83529E+03	 2.60368E+03
 1.83765E+03	 2.59660E+03
 1.84001E+03	 2.61182E+03
 1.84237E+03	 2.60564E+03
 1.84473E+03	 2.59568E+03
 1.84709E+03	 2.61114E+03
 1.84944E+03	 2.61184E+03
 1.85180E+03	 2.60270E+03
 1.85416E+03	 2.60622E+03
 1.85651E+03	 2.60312E+03
 1.85886E+03	 2.62014E+03
 1.86122E+03	 2.61016E+03
 1.86357E+03	 2.60944E+03
 1.86592E+03	 2.60860E+03
 1.86827E+03	 2.61530E+03
 1.87062E+03	 2.61404E+03
 1.87297E+03	 2.59892E+03
 1.87532E+03	 2.61158E+03
 1.87767E+03	 2.60382E+03
 1.88002E+03	 2.61190E+03
 1.88236E+03	 2.61846E+03
 1.88471E+03	 2.60678E+03
 1.88705E+03	 2.60408E+03
 1.88940E+03	 2.61556E+03
 1.89174E+03	 2.61388E+03
 1.89409E+03	 2.61052E+03
 1.89643E+03	 2.60508E+03
 1.89877E+03	 2.60728E+03
 1.90111E+03	 2.61014E+03
 1.90345E+03	 2.61240E+03
 1.90579E+03	 2.59014E+03
 1.90813E+03	 2.59628E+03
 1.91047E+03	 2.59568E+03
 1.91281E+03	 2.59804E+03
 1.91514E+03	 2.59136E+03
 1.91748E+03	 2.59838E+03
 1.91981E+03	 2.58784E+03
 1.92215E+03	 2.59042E+03
 1.92448E+03	 2.58622E+03
 1.92682E+03	 2.59472E+03
 1.92915E+03	 2.58932E+03
 1.93148E+03	 2.56844E+03
 1.93381E+03	 2.57744E+03
 1.93614E+03	 2.57594E+03
 1.93847E+03	 2.57646E+03
 1.94080E+03	 2.58284E+03
 1.94313E+03	 2.56978E+03
 1.94546E+03	 2.57390E+03
 1.94778E+03	 2.58574E+03
 1.95011E+03	 2.58550E+03
 1.95244E+03	 2.58434E+03
 1.95476E+03	 2.58214E+03
 1.95709E+03	 2.59510E+03
 1.95941E+03	 2.59482E+03
 1.96173E+03	 2.61766E+03
 1.96405E+03	 2.61582E+03
 1.96638E+03	 2.62886E+03
 1.96870E+03	 2.61976E+03
 1.97102E+03	 2.62466E+03
 1.97334E+03	 2.61452E+03
 1.97566E+03	 2.61412E+03
 1.97797E+03	 2.61236E+03
 1.98029E+03	 2.59790E+03
 1.98261E+03	 2.58242E+03
 1.98492E+03	 2.57848E+03
 1.98724E+03	 2.57690E+03
 1.98955E+03	 2.54360E+03
 1.99187E+03	 2.54082E+03
 1.99418E+03	 2.55240E+03
 1.99649E+03	 2.54900E+03
 1.99880E+03	 2.54882E+03
 2.00112E+03	 2.54556E+03
 2.00343E+03	 2.54414E+03
 2.00574E+03	 2.54872E+03
 2.00804E+03	 2.54226E+03
 2.01035E+03	 2.54908E+03
 2.01266E+03	 2.55174E+03
 2.01497E+03	 2.54304E+03
 2.01727E+03	 2.55090E+03
 2.01958E+03	 2.55004E+03
 2.02188E+03	 2.55394E+03
 2.02419E+03	 2.55274E+03
 2.02649E+03	 2.54928E+03
 2.02880E+03	 2.55342E+03
 2.03110E+03	 2.54694E+03
 2.03340E+03	 2.53570E+03
 2.03570E+03	 2.55066E+03
 2.03800E+03	 2.54434E+03
 2.04030E+03	 2.53464E+03
 2.04260E+03	 2.54006E+03
 2.04490E+03	 2.53850E+03
 2.04719E+03	 2.53568E+03
 2.04949E+03	 2.52730E+03
 2.05179E+03	 2.53188E+03
 2.05408E+03	 2.53354E+03
 2.05638E+03	 2.52754E+03
 2.05867E+03	 2.52726E+03
 2.06096E+03	 2.53868E+03
 2.06326E+03	 2.52670E+03
 2.06555E+03	 2.53216E+03
 2.06784E+03	 2.52582E+03
 2.07013E+03	 2.52726E+03
 2.07242E+03	 2.53308E+03
 2.07471E+03	 2.52176E+03
 2.07700E+03	 2.51686E+03
 2.07929E+03	 2.52648E+03
 2.08157E+03	 2.51530E+03
 2.08386E+03	 2.51574E+03
 2.08615E+03	 2.50876E+03
 2.08843E+03	 2.51574E+03
 2.09072E+03	 2.50916E+03
 2.09300E+03	 2.50368E+03
 2.09528E+03	 2.50006E+03
 2.09756E+03	 2.51670E+03
 2.09985E+03	 2.50774E+03
 2.10213E+03	 2.51252E+03
 2.10441E+03	 2.51776E+03
 2.10669E+03	 2.50996E+03
 2.10897E+03	 2.51098E+03
 2.11125E+03	 2.51310E+03
 2.11352E+03	 2.50584E+03
 2.11580E+03	 2.51112E+03
 2.11808E+03	 2.51580E+03
 2.12035E+03	 2.51278E+03
 2.12263E+03	 2.50718E+03
 2.12490E+03	 2.50672E+03
 2.12718E+03	 2.51448E+03
 2.12945E+03	 2.50408E+03
 2.13172E+03	 2.51074E+03
 2.13399E+03	 2.51458E+03
 2.13626E+03	 2.52822E+03
 2.13853E+03	 2.50760E+03
 2.14080E+03	 2.51252E+03
 2.14307E+03	 2.50992E+03
 2.14534E+03	 2.51064E+03
 2.14761E+03	 2.50608E+03
 2.14988E+03	 2.50668E+03
 2.15214E+03	 2.51294E+03
 2.15441E+03	 2.51772E+03
 2.15667E+03	 2.51480E+03
 2.15894E+03	 2.50428E+03
 2.16120E+03	 2.51486E+03
 2.16346E+03	 2.51192E+03
 2.16573E+03	 2.50174E+03
 2.16799E+03	 2.51316E+03
 2.17025E+03	 2.51022E+03
 2.17251E+03	 2.50684E+03
 2.17477E+03	 2.51534E+03
 2.17703E+03	 2.50122E+03
 2.17929E+03	 2.49868E+03
 2.18154E+03	 2.50530E+03
 2.18380E+03	 2.48840E+03
 2.18606E+03	 2.51314E+03
 2.18831E+03	 2.50218E+03
 2.19057E+03	 2.49618E+03
 2.19282E+03	 2.49526E+03
 2.19508E+03	 2.49458E+03
 2.19733E+03	 2.50386E+03
 2.19958E+03	 2.49688E+03
 2.20183E+03	 2.49920E+03
 2.20409E+03	 2.49494E+03
 2.20634E+03	 2.48612E+03
 2.20859E+03	 2.49480E+03
 2.21083E+03	 2.49210E+03
 2.21308E+03	 2.49406E+03
 2.21533E+03	 2.49514E+03
 2.21758E+03	 2.48702E+03
 2.21982E+03	 2.50540E+03
 2.22207E+03	 2.48122E+03
 2.22432E+03	 2.48010E+03
 2.22656E+03	 2.49100E+03
 2.22880E+03	 2.48282E+03
 2.23105E+03	 2.48232E+03
 2.23329E+03	 2.49118E+03
 2.23553E+03	 2.48252E+03
 2.23777E+03	 2.49040E+03
 2.24001E+03	 2.49104E+03
 2.24225E+03	 2.48650E+03
 2.24449E+03	 2.48240E+03
 2.24673E+03	 2.48562E+03
 2.24897E+03	 2.48470E+03
 2.25121E+03	 2.48314E+03
 2.25344E+03	 2.47428E+03
 2.25568E+03	 2.48050E+03
 2.25791E+03	 2.49940E+03
 2.26015E+03	 2.47824E+03
 2.26238E+03	 2.49284E+03
 2.26462E+03	 2.48410E+03
 2.26685E+03	 2.48672E+03
 2.26908E+03	 2.48758E+03
 2.27131E+03	 2.47908E+03
 2.27354E+03	 2.49300E+03
 2.27577E+03	 2.48260E+03
 2.27800E+03	 2.48306E+03
 2.28023E+03	 2.48326E+03
 2.28246E+03	 2.48068E+03
 2.28469E+03	 2.48094E+03
 2.28692E+03	 2.47902E+03
 2.28914E+03	 2.49360E+03
 2.29137E+03	 2.48510E+03
 2.29359E+03	 2.48240E+03
 2.29582E+03	 2.49022E+03
 2.29804E+03	 2.48690E+03
 2.30026E+03	 2.47432E+03
 2.30249E+03	 2.48254E+03
 2.30471E+03	 2.46952E+03
 2.30693E+03	 2.48858E+03
 2.30915E+03	 2.49612E+03
 2.31137E+03	 2.47810E+03
 2.31359E+03	 2.47268E+03
 2.31581E+03	 2.46764E+03
 2.31802E+03	 2.48172E+03
 2.32024E+03	 2.48174E+03
 2.32246E+03	 2.47544E+03
 2.32467E+03	 2.46298E+03
 2.32689E+03	 2.48018E+03
 2.32910E+03	 2.46670E+03
 2.33132E+03	 2.47848E+03
 2.33353E+03	 2.47402E+03
 2.33574E+03	 2.46422E+03
 2.33796E+03	 2.46540E+03
 2.34017E+03	 2.46700E+03
 2.34238E+03	 2.46302E+03
 2.34459E+03	 2.45986E+03
 2.34680E+03	 2.46416E+03
 2.34901E+03	 2.47070E+03
 2.35121E+03	 2.46834E+03
 2.35342E+03	 2.47436E+03
 2.35563E+03	 2.46074E+03
 2.35784E+03	 2.46652E+03
 2.36004E+03	 2.46498E+03
 2.36225E+03	 2.46578E+03
 2.36445E+03	 2.46128E+03
 2.36665E+03	 2.46708E+03
 2.36886E+03	 2.45492E+03
 2.37106E+03	 2.45784E+03
 2.37326E+03	 2.46138E+03
 2.37546E+03	 2.45608E+03
 2.37766E+03	 2.45316E+03
 2.37986E+03	 2.46062E+03
 2.38206E+03	 2.46296E+03
 2.38426E+03	 2.45954E+03
 2.38646E+03	 2.44846E+03
 2.38866E+03	 2.45150E+03
 2.39085E+03	 2.45550E+03
 2.39305E+03	 2.45412E+03
 2.39525E+03	 2.45706E+03
 2.39744E+03	 2.45826E+03
 2.39963E+03	 2.45260E+03
 2.40183E+03	 2.45118E+03
 2.40402E+03	 2.44350E+03
 2.40621E+03	 2.44750E+03
 2.40841E+03	 2.45384E+03
 2.41060E+03	 2.44270E+03
 2.41279E+03	 2.44266E+03
 2.41498E+03	 2.45400E+03
 2.41717E+03	 2.44962E+03
 2.41935E+03	 2.43814E+03
 2.42154E+03	 2.44626E+03
 2.42373E+03	 2.44046E+03
 2.42592E+03	 2.43366E+03
 2.42810E+03	 2.44192E+03
 2.43029E+03	 2.43500E+03
 2.43247E+03	 2.43534E+03
 2.43466E+03	 2.43568E+03
 2.43684E+03	 2.42672E+03
 2.43902E+03	 2.42390E+03
 2.44121E+03	 2.43406E+03
 2.44339E+03	 2.43792E+03
 2.44557E+03	 2.44326E+03
 2.44775E+03	 2.43712E+03
 2.44993E+03	 2.43542E+03
 2.45211E+03	 2.43904E+03
 2.45429E+03	 2.44076E+03
 2.45646E+03	 2.44130E+03
 2.45864E+03	 2.43978E+03
 2.46082E+03	 2.42768E+03
 2.46299E+03	 2.43738E+03
 2.46517E+03	 2.43552E+03
 2.46734E+03	 2.43674E+03
 2.46952E+03	 2.43604E+03
 2.47169E+03	 2.43758E+03
 2.47386E+03	 2.43400E+03
 2.47604E+03	 2.43514E+03
 2.47821E+03	 2.43928E+03
 2.48038E+03	 2.43838E+03
 2.48255E+03	 2.43156E+03
 2.48472E+03	 2.44526E+03
 2.48689E+03	 2.45038E+03
 2.48906E+03	 2.43602E+03
 2.49123E+03	 2.44126E+03
 2.49339E+03	 2.44480E+03
 2.49556E+03	 2.44376E+03
 2.49773E+03	 2.43956E+03
 2.49989E+03	 2.44642E+03
 2.50206E+03	 2.44948E+03
 2.50422E+03	 2.43658E+03
 2.50638E+03	 2.43682E+03
 2.50855E+03	 2.44202E+03
 2.51071E+03	 2.44570E+03
 2.51287E+03	 2.44022E+03
 2.51503E+03	 2.45236E+03
 2.51719E+03	 2.44674E+03
 2.51935E+03	 2.44522E+03
 2.52151E+03	 2.43934E+03
 2.52367E+03	 2.43926E+03
 2.52583E+03	 2.43722E+03
 2.52799E+03	 2.44706E+03
 2.53014E+03	 2.44016E+03
 2.53230E+03	 2.43030E+03
 2.53445E+03	 2.43298E+03
 2.53661E+03	 2.43048E+03
 2.53876E+03	 2.43868E+03
 2.54092E+03	 2.42978E+03
 2.54307E+03	 2.43852E+03
 2.54522E+03	 2.43742E+03
 2.54738E+03	 2.42776E+03
 2.54953E+03	 2.42816E+03
 2.55168E+03	 2.42796E+03
 2.55383E+03	 2.42502E+03
 2.55598E+03	 2.42202E+03
 2.55813E+03	 2.43352E+03
 2.56027E+03	 2.42332E+03
 2.56242E+03	 2.42360E+03
 2.56457E+03	 2.42956E+03
 2.56671E+03	 2.42116E+03
 2.56886E+03	 2.41416E+03
 2.57101E+03	 2.41412E+03
 2.57315E+03	 2.41022E+03
 2.57529E+03	 2.41772E+03
 2.57744E+03	 2.41684E+03
 2.57958E+03	 2.41666E+03
 2.58172E+03	 2.41918E+03
 2.58386E+03	 2.40624E+03
 2.58601E+03	 2.41692E+03
 2.58815E+03	 2.40532E+03
 2.59029E+03	 2.39910E+03
 2.59242E+03	 2.40372E+03
 2.59456E+03	 2.40774E+03
 2.59670E+03	 2.40576E+03
 2.59884E+03	 2.40734E+03
 2.60097E+03	 2.40478E+03
 2.60311E+03	 2.40706E+03
 2.60525E+03	 2.39192E+03
 2.60738E+03	 2.39694E+03
 2.60952E+03	 2.40342E+03
 2.61165E+03	 2.40004E+03
 2.61378E+03	 2.39404E+03
 2.61591E+03	 2.40898E+03
 2.61805E+03	 2.40006E+03
 2.62018E+03	 2.39580E+03
 2.62231E+03	 2.40216E+03
 2.62444E+03	 2.39312E+03
 2.62657E+03	 2.38356E+03
 2.62870E+03	 2.39698E+03
 2.63082E+03	 2.39806E+03
 2.63295E+03	 2.39858E+03
 2.63508E+03	 2.39536E+03
 2.63721E+03	 2.39712E+03
 2.63933E+03	 2.39500E+03
 2.64146E+03	 2.40160E+03
 2.64358E+03	 2.38308E+03
 2.64571E+03	 2.39620E+03
 2.64783E+03	 2.39698E+03
 2.64995E+03	 2.40028E+03
 2.65207E+03	 2.39412E+03
 2.65420E+03	 2.40160E+03
 2.65632E+03	 2.39572E+03
 2.65844E+03	 2.39260E+03
 2.66056E+03	 2.39690E+03
 2.66268E+03	 2.39694E+03
 2.66480E+03	 2.39648E+03
 2.66691E+03	 2.39670E+03
 2.66903E+03	 2.40004E+03
 2.67115E+03	 2.39542E+03
 2.67326E+03	 2.39160E+03
 2.67538E+03	 2.39150E+03
 2.67749E+03	 2.39604E+03
 2.67961E+03	 2.38900E+03
 2.68172E+03	 2.40306E+03
 2.68384E+03	 2.39296E+03
 2.68595E+03	 2.38908E+03
 2.68806E+03	 2.40008E+03
 2.69017E+03	 2.39128E+03
 2.69228E+03	 2.40030E+03
 2.69439E+03	 2.39360E+03
 2.69650E+03	 2.39050E+03
 2.69861E+03	 2.38274E+03
 2.70072E+03	 2.38806E+03
 2.70283E+03	 2.39654E+03
 2.70494E+03	 2.38734E+03
 2.70704E+03	 2.38294E+03
 2.70915E+03	 2.38208E+03
 2.71126E+03	 2.37906E+03
 2.71336E+03	 2.37708E+03
 2.71546E+03	 2.37820E+03
 2.71757E+03	 2.38828E+03
 2.71967E+03	 2.38388E+03
 2.72177E+03	 2.38750E+03
 2.72388E+03	 2.37560E+03
 2.72598E+03	 2.38242E+03
 2.72808E+03	 2.37616E+03
 2.73018E+03	 2.39072E+03
 2.73228E+03	 2.38464E+03
 2.73438E+03	 2.37300E+03
 2.73648E+03	 2.38228E+03
 2.73857E+03	 2.37730E+03
 2.74067E+03	 2.37690E+03
 2.74277E+03	 2.37976E+03
 2.74486E+03	 2.37030E+03
 2.74696E+03	 2.37020E+03
 2.74905E+03	 2.37338E+03
 2.75115E+03	 2.36954E+03
 2.75324E+03	 2.36698E+03
 2.75534E+03	 2.36852E+03
 2.75743E+03	 2.36356E+03
 2.75952E+03	 2.36572E+03
 2.76161E+03	 2.37250E+03
 2.76370E+03	 2.36278E+03
 2.76579E+03	 2.35384E+03
 2.76788E+03	 2.35942E+03
 2.76997E+03	 2.35522E+03
 2.77206E+03	 2.36032E+03
 2.77415E+03	 2.35682E+03
 2.77624E+03	 2.34754E+03
 2.77832E+03	 2.36086E+03
 2.78041E+03	 2.35046E+03
 2.78250E+03	 2.35684E+03
 2.78458E+03	 2.34534E+03
 2.78666E+03	 2.34336E+03
 2.78875E+03	 2.34392E+03
 2.79083E+03	 2.34030E+03
 2.79291E+03	 2.35454E+03
 2.79500E+03	 2.34098E+03
 2.79708E+03	 2.32606E+03
 2.79916E+03	 2.34724E+03
 2.80124E+03	 2.33558E+03
 2.80332E+03	 2.33122E+03
 2.80540E+03	 2.33698E+03
 2.80748E+03	 2.33464E+03
 2.80956E+03	 2.33552E+03
 2.81163E+03	 2.32196E+03
 2.81371E+03	 2.33262E+03
 2.81579E+03	 2.33042E+03
 2.81786E+03	 2.34106E+03
 2.81994E+03	 2.32632E+03
 2.82201E+03	 2.33350E+03
 2.82409E+03	 2.32464E+03
 2.82616E+03	 2.31844E+03
 2.82823E+03	 2.32582E+03
 2.83031E+03	 2.33354E+03
 2.83238E+03	 2.32354E+03
 2.83445E+03	 2.31780E+03
 2.83652E+03	 2.32532E+03
 2.83859E+03	 2.32168E+03
 2.84066E+03	 2.33142E+03
 2.84273E+03	 2.31052E+03
 2.84480E+03	 2.33112E+03
 2.84686E+03	 2.31582E+03
 2.84893E+03	 2.31080E+03
 2.85100E+03	 2.32208E+03
 2.85306E+03	 2.31774E+03
 2.85513E+03	 2.32014E+03
 2.85719E+03	 2.31602E+03
 2.85926E+03	 2.31374E+03
 2.86132E+03	 2.32330E+03
 2.86339E+03	 2.31902E+03
 2.86545E+03	 2.32220E+03
 2.86751E+03	 2.31588E+03
 2.86957E+03	 2.31882E+03
 2.87163E+03	 2.31342E+03
 2.87369E+03	 2.30790E+03
 2.87575E+03	 2.31242E+03
 2.87781E+03	 2.30626E+03
 2.87987E+03	 2.31174E+03
 2.88193E+03	 2.30552E+03
 2.88399E+03	 2.30852E+03
 2.88604E+03	 2.31640E+03
 2.88810E+03	 2.31494E+03
 2.89015E+03	 2.30560E+03
 2.89221E+03	 2.31650E+03
 2.89426E+03	 2.31524E+03
 2.89632E+03	 2.30010E+03
 2.89837E+03	 2.30610E+03
 2.90042E+03	 2.30582E+03
 2.90248E+03	 2.30472E+03
 2.90453E+03	 2.30838E+03
 2.90658E+03	 2.29942E+03
 2.90863E+03	 2.30710E+03
 2.91068E+03	 2.29736E+03
 2.91273E+03	 2.30056E+03
 2.91478E+03	 2.30096E+03
 2.91683E+03	 2.29938E+03
 2.91888E+03	 2.30046E+03
 2.92092E+03	 2.29950E+03
 2.92297E+03	 2.29996E+03
 2.92502E+03	 2.28572E+03
 2.92706E+03	 2.28940E+03
 2.92911E+03	 2.27964E+03
 2.93115E+03	 2.28330E+03
 2.93320E+03	 2.28490E+03
 2.93524E+03	 2.28040E+03
 2.93728E+03	 2.27714E+03
 2.93932E+03	 2.28548E+03
 2.94137E+03	 2.27802E+03
 2.94341E+03	 2.27788E+03
 2.94545E+03	 2.27258E+03
 2.94749E+03	 2.27866E+03
 2.94953E+03	 2.27106E+03
 2.95157E+03	 2.27690E+03
 2.95360E+03	 2.27768E+03
 2.95564E+03	 2.27598E+03
 2.95768E+03	 2.26686E+03
 2.95971E+03	 2.26572E+03
 2.96175E+03	 2.26914E+03
 2.96379E+03	 2.26832E+03
 2.96582E+03	 2.26792E+03
 2.96786E+03	 2.26566E+03
 2.96989E+03	 2.25732E+03
 2.97192E+03	 2.25648E+03
 2.97396E+03	 2.25726E+03
 2.97599E+03	 2.26324E+03
 2.97802E+03	 2.25684E+03
 2.98005E+03	 2.25430E+03
 2.98208E+03	 2.26008E+03
 2.98411E+03	 2.24636E+03
 2.98614E+03	 2.25474E+03
 2.98817E+03	 2.24998E+03
 2.99020E+03	 2.25492E+03
 2.99223E+03	 2.24742E+03
 2.99425E+03	 2.24632E+03
 2.99628E+03	 2.24224E+03
 2.99830E+03	 2.24710E+03
 3.00033E+03	 2.24586E+03
 3.00236E+03	 2.24524E+03
 3.00438E+03	 2.23708E+03
 3.00640E+03	 2.23874E+03
 3.00843E+03	 2.24186E+03
 3.01045E+03	 2.24434E+03
 3.01247E+03	 2.23360E+03
 3.01449E+03	 2.23970E+03
 3.01651E+03	 2.24036E+03
 3.01854E+03	 2.23128E+03
 3.02056E+03	 2.24730E+03
 3.02257E+03	 2.24014E+03
 3.02459E+03	 2.24964E+03
 3.02661E+03	 2.24276E+03
 3.02863E+03	 2.23226E+03
 3.03065E+03	 2.24488E+03
 3.03266E+03	 2.24068E+03
 3.03468E+03	 2.24234E+03
 3.03669E+03	 2.24220E+03
 3.03871E+03	 2.23934E+03
 3.04072E+03	 2.23842E+03
 3.04274E+03	 2.23954E+03
 3.04475E+03	 2.24244E+03
 3.04676E+03	 2.24138E+03
 3.04878E+03	 2.23806E+03
 3.05079E+03	 2.23662E+03
 3.05280E+03	 2.23436E+03
 3.05481E+03	 2.23202E+03
 3.05682E+03	 2.23108E+03
 3.05883E+03	 2.23756E+03
 3.06084E+03	 2.23114E+03
 3.06285E+03	 2.23544E+03
 3.06486E+03	 2.22560E+03
 3.06686E+03	 2.21946E+03
 3.06887E+03	 2.22144E+03
 3.07088E+03	 2.22426E+03
 3.07288E+03	 2.22472E+03
 3.07489E+03	 2.21782E+03
 3.07689E+03	 2.22156E+03
 3.07890E+03	 2.21692E+03
 3.08090E+03	 2.22830E+03
 3.08290E+03	 2.21812E+03
 3.08490E+03	 2.21708E+03
 3.08691E+03	 2.21342E+03
 3.08891E+03	 2.21230E+03
 3.09091E+03	 2.21046E+03
 3.09291E+03	 2.21842E+03
 3.09491E+03	 2.20620E+03
 3.09691E+03	 2.20944E+03
 3.09891E+03	 2.20454E+03
 3.10090E+03	 2.20378E+03
 3.10290E+03	 2.20336E+03
 3.10490E+03	 2.19858E+03
 3.10690E+03	 2.19434E+03
 3.10889E+03	 2.19706E+03
 3.11089E+03	 2.19118E+03
 3.11288E+03	 2.19066E+03
 3.11488E+03	 2.18204E+03
 3.11687E+03	 2.18710E+03
 3.11886E+03	 2.18684E+03
 3.12086E+03	 2.18740E+03
 3.12285E+03	 2.17670E+03
 3.12484E+03	 2.18560E+03
 3.12683E+03	 2.17944E+03
 3.12882E+03	 2.17066E+03
 3.13081E+03	 2.18590E+03
 3.13280E+03	 2.18324E+03
 3.13479E+03	 2.17650E+03
 3.13678E+03	 2.17432E+03
 3.13877E+03	 2.16754E+03
 3.14075E+03	 2.17312E+03
 3.14274E+03	 2.18366E+03
 3.14473E+03	 2.16256E+03
 3.14671E+03	 2.16318E+03
 3.14870E+03	 2.16512E+03
 3.15068E+03	 2.16086E+03
 3.15267E+03	 2.14766E+03
 3.15465E+03	 2.15794E+03
 3.15663E+03	 2.15834E+03
 3.15862E+03	 2.15092E+03
 3.16060E+03	 2.16036E+03
 3.16258E+03	 2.15126E+03
 3.16456E+03	 2.15042E+03
 3.16654E+03	 2.15624E+03
 3.16852E+03	 2.15040E+03
 3.17050E+03	 2.14186E+03
 3.17248E+03	 2.14508E+03
 3.17446E+03	 2.15010E+03
 3.17643E+03	 2.15150E+03
 3.17841E+03	 2.13980E+03
 3.18039E+03	 2.14230E+03
 3.18236E+03	 2.13550E+03
 3.18434E+03	 2.14980E+03
 3.18632E+03	 2.14336E+03
 3.18829E+03	 2.14924E+03
 3.19026E+03	 2.14534E+03
 3.19224E+03	 2.14580E+03
 3.19421E+03	 2.14560E+03
 3.19618E+03	 2.15264E+03
 3.19815E+03	 2.14662E+03
 3.20013E+03	 2.14326E+03
 3.20210E+03	 2.14536E+03
 3.20407E+03	 2.14414E+03
 3.20604E+03	 2.14986E+03
 3.20801E+03	 2.15056E+03
 3.20998E+03	 2.14946E+03
 3.21194E+03	 2.14340E+03
 3.21391E+03	 2.14702E+03
 3.21588E+03	 2.14264E+03
 3.21784E+03	 2.14604E+03
 3.21981E+03	 2.14078E+03
 3.22178E+03	 2.14928E+03
 3.22374E+03	 2.14250E+03
 3.22571E+03	 2.13966E+03
 3.22767E+03	 2.13242E+03
 3.22963E+03	 2.12790E+03
 3.23160E+03	 2.13110E+03
 3.23356E+03	 2.13650E+03
 3.23552E+03	 2.13318E+03
 3.23748E+03	 2.12812E+03
 3.23944E+03	 2.13272E+03
 3.24140E+03	 2.13386E+03
 3.24336E+03	 2.13414E+03
 3.24532E+03	 2.13150E+03
 3.24728E+03	 2.11926E+03
 3.24924E+03	 2.13098E+03
 3.25120E+03	 2.12960E+03
 3.25315E+03	 2.13246E+03
 3.25511E+03	 2.12826E+03
 3.25707E+03	 2.12810E+03
 3.25902E+03	 2.12274E+03
 3.26098E+03	 2.12320E+03
 3.26293E+03	 2.12250E+03
 3.26489E+03	 2.12080E+03
 3.26684E+03	 2.12468E+03
 3.26879E+03	 2.12328E+03
 3.27075E+03	 2.11772E+03
 3.27270E+03	 2.11998E+03
 3.27465E+03	 2.11652E+03
 3.27660E+03	 2.11272E+03
 3.27855E+03	 2.11642E+03
 3.28050E+03	 2.10852E+03
 3.28245E+03	 2.11034E+03
 3.28440E+03	 2.11078E+03
 3.28635E+03	 2.09900E+03
 3.28829E+03	 2.10870E+03
 3.29024E+03	 2.09160E+03
 3.29219E+03	 2.09758E+03
 3.29413E+03	 2.09150E+03
 3.29608E+03	 2.09660E+03
 3.29803E+03	 2.08972E+03
 3.29997E+03	 2.08400E+03
 3.30191E+03	 2.08362E+03
 3.30386E+03	 2.08132E+03
 3.30580E+03	 2.09126E+03
 3.30774E+03	 2.09138E+03
 3.30969E+03	 2.08256E+03
 3.31163E+03	 2.09392E+03
 3.31357E+03	 2.07760E+03
 3.31551E+03	 2.08648E+03
 3.31745E+03	 2.07678E+03
 3.31939E+03	 2.07502E+03
 3.32133E+03	 2.08660E+03
 3.32327E+03	 2.06910E+03
 3.32520E+03	 2.08376E+03
 3.32714E+03	 2.07224E+03
 3.32908E+03	 2.07904E+03
 3.33102E+03	 2.06922E+03
 3.33295E+03	 2.08278E+03
 3.33489E+03	 2.06732E+03
 3.33682E+03	 2.08214E+03
 3.33876E+03	 2.07942E+03
 3.34069E+03	 2.07286E+03
 3.34262E+03	 2.06932E+03
 3.34456E+03	 2.07704E+03
 3.34649E+03	 2.07132E+03
 3.34842E+03	 2.06536E+03
 3.35035E+03	 2.06076E+03
 3.35228E+03	 2.06410E+03
 3.35421E+03	 2.07084E+03
 3.35614E+03	 2.06278E+03
 3.35807E+03	 2.05696E+03
 3.36000E+03	 2.06888E+03
 3.36193E+03	 2.06154E+03
 3.36386E+03	 2.06360E+03
 3.36578E+03	 2.06118E+03
 3.36771E+03	 2.06306E+03
 3.36964E+03	 2.05884E+03
 3.37156E+03	 2.05860E+03
 3.37349E+03	 2.05950E+03
 3.37541E+03	 2.06406E+03
 3.37734E+03	 2.06760E+03
 3.37926E+03	 2.05910E+03
 3.38118E+03	 2.06610E+03
 3.38311E+03	 2.06242E+03
 3.38503E+03	 2.05710E+03
 3.38695E+03	 2.06062E+03
 3.38887E+03	 2.05606E+03
 3.39079E+03	 2.05224E+03
 3.39271E+03	 2.05358E+03
 3.39463E+03	 2.05360E+03
 3.39655E+03	 2.04782E+03
 3.39847E+03	 2.04930E+03
 3.40039E+03	 2.05634E+03
 3.40231E+03	 2.05206E+03
 3.40422E+03	 2.05852E+03
 3.40614E+03	 2.05684E+03
 3.40806E+03	 2.05958E+03
 3.40997E+03	 2.05348E+03
 3.41189E+03	 2.05564E+03
 3.41380E+03	 2.04842E+03
 3.41571E+03	 2.05192E+03
 3.41763E+03	 2.04880E+03
 3.41954E+03	 2.04692E+03
 3.42145E+03	 2.04560E+03
 3.42337E+03	 2.04400E+03
 3.42528E+03	 2.04318E+03
 3.42719E+03	 2.04470E+03
 3.42910E+03	 2.03952E+03
 3.43101E+03	 2.03256E+03
 3.43292E+03	 2.03514E+03
 3.43483E+03	 2.03084E+03
 3.43674E+03	 2.03786E+03
 3.43864E+03	 2.03460E+03
 3.44055E+03	 2.02902E+03
 3.44246E+03	 2.02324E+03
 3.44437E+03	 2.03230E+03
 3.44627E+03	 2.02010E+03
 3.44818E+03	 2.02300E+03
 3.45008E+03	 2.02410E+03
 3.45199E+03	 2.02364E+03
 3.45389E+03	 2.02534E+03
 3.45579E+03	 2.02350E+03
 3.45770E+03	 2.01784E+03
 3.45960E+03	 2.01498E+03
 3.46150E+03	 2.01310E+03
 3.46340E+03	 2.01526E+03
 3.46530E+03	 2.01432E+03
 3.46721E+03	 2.01080E+03
 3.46911E+03	 2.01630E+03
 3.47101E+03	 2.01004E+03
 3.47290E+03	 2.01330E+03
 3.47480E+03	 2.01074E+03
 3.47670E+03	 2.00288E+03
 3.47860E+03	 2.00928E+03
 3.48050E+03	 2.00626E+03
 3.48239E+03	 2.00824E+03
 3.48429E+03	 2.00772E+03
 3.48618E+03	 2.01310E+03
 3.48808E+03	 2.00696E+03
 3.48997E+03	 2.00466E+03
 3.49187E+03	 2.00704E+03
 3.49376E+03	 2.00750E+03
 3.49565E+03	 2.00264E+03
 3.49755E+03	 1.99826E+03
 3.49944E+03	 2.00782E+03
 3.50133E+03	 2.00250E+03
 3.50322E+03	 1.99680E+03
 3.50511E+03	 2.00634E+03
 3.50700E+03	 1.99546E+03
 3.50889E+03	 1.99344E+03
 3.51078E+03	 1.99270E+03
 3.51267E+03	 1.99588E+03
 3.51456E+03	 1.99514E+03
 3.51645E+03	 1.99922E+03
 3.51833E+03	 1.99408E+03
 3.52022E+03	 1.99592E+03
 3.52211E+03	 1.99318E+03
 3.52399E+03	 1.98694E+03
 3.52588E+03	 1.99144E+03
 3.52776E+03	 1.98550E+03
 3.52965E+03	 1.98980E+03
 3.53153E+03	 1.99584E+03
 3.53341E+03	 1.99872E+03
 3.53530E+03	 1.99804E+03
 3.53718E+03	 1.99064E+03
 3.53906E+03	 1.98988E+03
 3.54094E+03	 1.97964E+03
 3.54282E+03	 1.98932E+03
 3.54470E+03	 1.98672E+03
 3.54658E+03	 1.98328E+03
 3.54846E+03	 1.98008E+03
 3.55034E+03	 1.98188E+03
 3.55222E+03	 1.97892E+03
 3.55410E+03	 1.97944E+03
 3.55598E+03	 1.97700E+03
 3.55785E+03	 1.98366E+03
 3.55973E+03	 1.97972E+03
 3.56161E+03	 1.98086E+03
 3.56348E+03	 1.97852E+03
 3.56536E+03	 1.97616E+03
 3.56723E+03	 1.98132E+03
 3.56910E+03	 1.97376E+03
 3.57098E+03	 1.96532E+03
 3.57285E+03	 1.97522E+03
 3.57472E+03	 1.97458E+03
 3.57660E+03	 1.97468E+03
 3.57847E+03	 1.97648E+03
 3.58034E+03	 1.97822E+03
 3.58221E+03	 1.96752E+03
 3.58408E+03	 1.96764E+03
 3.58595E+03	 1.96750E+03
 3.58782E+03	 1.96962E+03
 3.58969E+03	 1.96690E+03
 3.59156E+03	 1.96208E+03
 3.59342E+03	 1.96164E+03
 3.59529E+03	 1.96638E+03
 3.59716E+03	 1.96594E+03
 3.59902E+03	 1.96110E+03
 3.60089E+03	 1.95484E+03
 3.60275E+03	 1.96390E+03
 3.60462E+03	 1.96456E+03
 3.60648E+03	 1.95612E+03
 3.60835E+03	 1.95942E+03
 3.61021E+03	 1.95574E+03
 3.61207E+03	 1.96858E+03
 3.61394E+03	 1.95268E+03
 3.61580E+03	 1.94984E+03
 3.61766E+03	 1.95476E+03
 3.61952E+03	 1.95276E+03
 3.62138E+03	 1.95760E+03
 3.62324E+03	 1.94784E+03
 3.62510E+03	 1.94756E+03
 3.62696E+03	 1.94694E+03
 3.62882E+03	 1.95124E+03
 3.63068E+03	 1.95008E+03
 3.63254E+03	 1.94300E+03
 3.63439E+03	 1.94218E+03
 3.63625E+03	 1.94186E+03
 3.63811E+03	 1.94998E+03
 3.63996E+03	 1.94126E+03
 3.64182E+03	 1.93742E+03
 3.64367E+03	 1.94600E+03
 3.64553E+03	 1.94234E+03
 3.64738E+03	 1.94400E+03
 3.64923E+03	 1.93976E+03
 3.65109E+03	 1.94072E+03
 3.65294E+03	 1.94630E+03
 3.65479E+03	 1.94190E+03
 3.65664E+03	 1.93724E+03
 3.65849E+03	 1.93946E+03
 3.66034E+03	 1.93804E+03
 3.66219E+03	 1.93518E+03
 3.66404E+03	 1.93640E+03
 3.66589E+03	 1.93782E+03
 3.66774E+03	 1.93422E+03
 3.66959E+03	 1.93828E+03
 3.67144E+03	 1.93392E+03
 3.67328E+03	 1.93838E+03
 3.67513E+03	 1.92328E+03
 3.67698E+03	 1.93240E+03
 3.67882E+03	 1.92708E+03
 3.68067E+03	 1.93590E+03
 3.68251E+03	 1.92976E+03
 3.68436E+03	 1.92926E+03
 3.68620E+03	 1.93122E+03
 3.68804E+03	 1.93036E+03
 3.68989E+03	 1.93730E+03
 3.69173E+03	 1.93110E+03
 3.69357E+03	 1.93312E+03
 3.69541E+03	 1.93336E+03
 3.69725E+03	 1.92218E+03
 3.69909E+03	 1.92680E+03
 3.70093E+03	 1.92074E+03
 3.70277E+03	 1.92146E+03
 3.70461E+03	 1.92256E+03
 3.70645E+03	 1.92254E+03
 3.70829E+03	 1.92454E+03
 3.71013E+03	 1.92386E+03
 3.71197E+03	 1.92134E+03
 3.71380E+03	 1.91630E+03
 3.71564E+03	 1.91646E+03
 3.71747E+03	 1.91352E+03
 3.71931E+03	 1.91324E+03
 3.72115E+03	 1.90838E+03
 3.72298E+03	 1.92320E+03
 3.72481E+03	 1.91494E+03
 3.72665E+03	 1.92202E+03
 3.72848E+03	 1.91546E+03
 3.73031E+03	 1.91842E+03
 3.73214E+03	 1.91364E+03
