//Exported ASCII-File
[Header]
FileName = D:\User\JN 25\JN25045\Alex Leide annealing\REFEL Ne 300 2,5dpa\REFEL Si 750 2,5dpa anneal.wip
GraphName = REFEL Si 750 2,5dpa RT End No Window--Spectrum--030--Spec.Data 1 DAN
SizeX = 1
SizeY = 1
SizeGraph = 1600
PositionUnit = ”m
PositionX = 3972.40000002328
PositionY = 10071.2000000233
PositionZ = 9.33
XAxisUnit = rel. 1/cm
DataUnit = CCD cts

[Data]
X-Axis	REFEL Si 750 2,5dpa RT End No Window--Spectrum--030--Spec.Data 1 DAN
 2.65845E+01	 1.34724E+03
 2.95325E+01	 1.34814E+03
 3.24795E+01	 1.34700E+03
 3.54254E+01	 1.34754E+03
 3.83703E+01	 1.34650E+03
 4.13142E+01	 1.34784E+03
 4.42570E+01	 1.34648E+03
 4.71989E+01	 1.34750E+03
 5.01397E+01	 1.34798E+03
 5.30795E+01	 1.34740E+03
 5.60182E+01	 1.35104E+03
 5.89559E+01	 1.35580E+03
 6.18927E+01	 1.37100E+03
 6.48283E+01	 1.40980E+03
 6.77630E+01	 1.46952E+03
 7.06967E+01	 1.52342E+03
 7.36293E+01	 1.57720E+03
 7.65609E+01	 1.60574E+03
 7.94915E+01	 1.61806E+03
 8.24211E+01	 1.62440E+03
 8.53496E+01	 1.62546E+03
 8.82771E+01	 1.63800E+03
 9.12037E+01	 1.64432E+03
 9.41292E+01	 1.65294E+03
 9.70536E+01	 1.65836E+03
 9.99771E+01	 1.65970E+03
 1.02900E+02	 1.66272E+03
 1.05821E+02	 1.67010E+03
 1.08741E+02	 1.67958E+03
 1.11661E+02	 1.68270E+03
 1.14579E+02	 1.68792E+03
 1.17497E+02	 1.69884E+03
 1.20413E+02	 1.70906E+03
 1.23328E+02	 1.72276E+03
 1.26243E+02	 1.74176E+03
 1.29156E+02	 1.75776E+03
 1.32068E+02	 1.76092E+03
 1.34980E+02	 1.76496E+03
 1.37890E+02	 1.76666E+03
 1.40799E+02	 1.77124E+03
 1.43708E+02	 1.78652E+03
 1.46615E+02	 1.79440E+03
 1.49521E+02	 1.80776E+03
 1.52427E+02	 1.81896E+03
 1.55331E+02	 1.82506E+03
 1.58234E+02	 1.83848E+03
 1.61137E+02	 1.85852E+03
 1.64038E+02	 1.85704E+03
 1.66938E+02	 1.87098E+03
 1.69837E+02	 1.87938E+03
 1.72736E+02	 1.88886E+03
 1.75633E+02	 1.89484E+03
 1.78529E+02	 1.90322E+03
 1.81425E+02	 1.91240E+03
 1.84319E+02	 1.91562E+03
 1.87212E+02	 1.92310E+03
 1.90105E+02	 1.93000E+03
 1.92996E+02	 1.93116E+03
 1.95886E+02	 1.93674E+03
 1.98775E+02	 1.94322E+03
 2.01664E+02	 1.94578E+03
 2.04551E+02	 1.95302E+03
 2.07437E+02	 1.94668E+03
 2.10323E+02	 1.94164E+03
 2.13207E+02	 1.94290E+03
 2.16090E+02	 1.94590E+03
 2.18973E+02	 1.94268E+03
 2.21854E+02	 1.94568E+03
 2.24735E+02	 1.93492E+03
 2.27614E+02	 1.93482E+03
 2.30492E+02	 1.93132E+03
 2.33370E+02	 1.92640E+03
 2.36246E+02	 1.92994E+03
 2.39122E+02	 1.93176E+03
 2.41996E+02	 1.92978E+03
 2.44870E+02	 1.92100E+03
 2.47742E+02	 1.92300E+03
 2.50614E+02	 1.92264E+03
 2.53484E+02	 1.92018E+03
 2.56354E+02	 1.91484E+03
 2.59222E+02	 1.92180E+03
 2.62090E+02	 1.92508E+03
 2.64956E+02	 1.92164E+03
 2.67822E+02	 1.91826E+03
 2.70687E+02	 1.90916E+03
 2.73550E+02	 1.90636E+03
 2.76413E+02	 1.89830E+03
 2.79275E+02	 1.90058E+03
 2.82135E+02	 1.89068E+03
 2.84995E+02	 1.88650E+03
 2.87854E+02	 1.87726E+03
 2.90711E+02	 1.87040E+03
 2.93568E+02	 1.86586E+03
 2.96424E+02	 1.86770E+03
 2.99279E+02	 1.86664E+03
 3.02133E+02	 1.86778E+03
 3.04986E+02	 1.85902E+03
 3.07838E+02	 1.86436E+03
 3.10689E+02	 1.86088E+03
 3.13538E+02	 1.86132E+03
 3.16387E+02	 1.85804E+03
 3.19236E+02	 1.85020E+03
 3.22083E+02	 1.84998E+03
 3.24929E+02	 1.85096E+03
 3.27774E+02	 1.85424E+03
 3.30618E+02	 1.85474E+03
 3.33461E+02	 1.84972E+03
 3.36303E+02	 1.84058E+03
 3.39145E+02	 1.84576E+03
 3.41985E+02	 1.84658E+03
 3.44824E+02	 1.84264E+03
 3.47663E+02	 1.83684E+03
 3.50500E+02	 1.83920E+03
 3.53336E+02	 1.85202E+03
 3.56172E+02	 1.83868E+03
 3.59006E+02	 1.84778E+03
 3.61840E+02	 1.84638E+03
 3.64672E+02	 1.85080E+03
 3.67504E+02	 1.84710E+03
 3.70335E+02	 1.84602E+03
 3.73164E+02	 1.85102E+03
 3.75993E+02	 1.84932E+03
 3.78821E+02	 1.84832E+03
 3.81648E+02	 1.84770E+03
 3.84473E+02	 1.84940E+03
 3.87298E+02	 1.84672E+03
 3.90122E+02	 1.84524E+03
 3.92945E+02	 1.85374E+03
 3.95767E+02	 1.83384E+03
 3.98588E+02	 1.84556E+03
 4.01408E+02	 1.84836E+03
 4.04227E+02	 1.84750E+03
 4.07046E+02	 1.83966E+03
 4.09863E+02	 1.84392E+03
 4.12679E+02	 1.84540E+03
 4.15494E+02	 1.84068E+03
 4.18309E+02	 1.84352E+03
 4.21122E+02	 1.85008E+03
 4.23935E+02	 1.84754E+03
 4.26746E+02	 1.85278E+03
 4.29557E+02	 1.85432E+03
 4.32366E+02	 1.85678E+03
 4.35175E+02	 1.85526E+03
 4.37983E+02	 1.85612E+03
 4.40790E+02	 1.85566E+03
 4.43595E+02	 1.86178E+03
 4.46400E+02	 1.86154E+03
 4.49204E+02	 1.86746E+03
 4.52007E+02	 1.86818E+03
 4.54809E+02	 1.86706E+03
 4.57610E+02	 1.86438E+03
 4.60410E+02	 1.86182E+03
 4.63210E+02	 1.86608E+03
 4.66008E+02	 1.86112E+03
 4.68805E+02	 1.85926E+03
 4.71602E+02	 1.86284E+03
 4.74397E+02	 1.85658E+03
 4.77192E+02	 1.86156E+03
 4.79985E+02	 1.86720E+03
 4.82778E+02	 1.86892E+03
 4.85569E+02	 1.87846E+03
 4.88360E+02	 1.89224E+03
 4.91150E+02	 1.89428E+03
 4.93939E+02	 1.89658E+03
 4.96727E+02	 1.90928E+03
 4.99514E+02	 1.91466E+03
 5.02300E+02	 1.92420E+03
 5.05085E+02	 1.94200E+03
 5.07869E+02	 1.94162E+03
 5.10652E+02	 1.95162E+03
 5.13435E+02	 1.97562E+03
 5.16216E+02	 1.97838E+03
 5.18996E+02	 1.98324E+03
 5.21776E+02	 2.00064E+03
 5.24554E+02	 1.99578E+03
 5.27332E+02	 2.00732E+03
 5.30109E+02	 2.00798E+03
 5.32885E+02	 2.00298E+03
 5.35659E+02	 2.00188E+03
 5.38433E+02	 2.00468E+03
 5.41206E+02	 2.00512E+03
 5.43978E+02	 1.99542E+03
 5.46750E+02	 1.99326E+03
 5.49520E+02	 1.99430E+03
 5.52289E+02	 1.98628E+03
 5.55057E+02	 1.98468E+03
 5.57825E+02	 1.98166E+03
 5.60591E+02	 1.97846E+03
 5.63357E+02	 1.97284E+03
 5.66122E+02	 1.97660E+03
 5.68885E+02	 1.96446E+03
 5.71648E+02	 1.96116E+03
 5.74410E+02	 1.95450E+03
 5.77171E+02	 1.94494E+03
 5.79931E+02	 1.93552E+03
 5.82690E+02	 1.92062E+03
 5.85448E+02	 1.90402E+03
 5.88206E+02	 1.88794E+03
 5.90962E+02	 1.86862E+03
 5.93717E+02	 1.86102E+03
 5.96472E+02	 1.84426E+03
 5.99225E+02	 1.83332E+03
 6.01978E+02	 1.81862E+03
 6.04730E+02	 1.80822E+03
 6.07481E+02	 1.79414E+03
 6.10231E+02	 1.78646E+03
 6.12980E+02	 1.76558E+03
 6.15728E+02	 1.76006E+03
 6.18475E+02	 1.75680E+03
 6.21221E+02	 1.74928E+03
 6.23967E+02	 1.73812E+03
 6.26711E+02	 1.73006E+03
 6.29454E+02	 1.73156E+03
 6.32197E+02	 1.71988E+03
 6.34939E+02	 1.71550E+03
 6.37680E+02	 1.72640E+03
 6.40419E+02	 1.71680E+03
 6.43158E+02	 1.72238E+03
 6.45896E+02	 1.73342E+03
 6.48634E+02	 1.73356E+03
 6.51370E+02	 1.73364E+03
 6.54105E+02	 1.75056E+03
 6.56840E+02	 1.74942E+03
 6.59573E+02	 1.75894E+03
 6.62306E+02	 1.76968E+03
 6.65037E+02	 1.77404E+03
 6.67768E+02	 1.77838E+03
 6.70498E+02	 1.77288E+03
 6.73227E+02	 1.76054E+03
 6.75955E+02	 1.74524E+03
 6.78682E+02	 1.74056E+03
 6.81409E+02	 1.74106E+03
 6.84134E+02	 1.73980E+03
 6.86858E+02	 1.73726E+03
 6.89582E+02	 1.73974E+03
 6.92305E+02	 1.74010E+03
 6.95026E+02	 1.74444E+03
 6.97747E+02	 1.74988E+03
 7.00467E+02	 1.75520E+03
 7.03186E+02	 1.76398E+03
 7.05905E+02	 1.76948E+03
 7.08622E+02	 1.77340E+03
 7.11338E+02	 1.78146E+03
 7.14054E+02	 1.79422E+03
 7.16768E+02	 1.80192E+03
 7.19482E+02	 1.79726E+03
 7.22195E+02	 1.81088E+03
 7.24907E+02	 1.82274E+03
 7.27618E+02	 1.82240E+03
 7.30328E+02	 1.82776E+03
 7.33037E+02	 1.83378E+03
 7.35745E+02	 1.84778E+03
 7.38453E+02	 1.84854E+03
 7.41159E+02	 1.85984E+03
 7.43865E+02	 1.85586E+03
 7.46569E+02	 1.86914E+03
 7.49273E+02	 1.88364E+03
 7.51976E+02	 1.89636E+03
 7.54678E+02	 1.89944E+03
 7.57379E+02	 1.90386E+03
 7.60080E+02	 1.92008E+03
 7.62779E+02	 1.92822E+03
 7.65478E+02	 1.93878E+03
 7.68175E+02	 1.94682E+03
 7.70872E+02	 1.95316E+03
 7.73568E+02	 1.95476E+03
 7.76263E+02	 1.96666E+03
 7.78957E+02	 1.99210E+03
 7.81650E+02	 2.04700E+03
 7.84342E+02	 2.18104E+03
 7.87034E+02	 2.36282E+03
 7.89724E+02	 2.44492E+03
 7.92414E+02	 2.34612E+03
 7.95103E+02	 2.21424E+03
 7.97791E+02	 2.12478E+03
 8.00478E+02	 2.05224E+03
 8.03164E+02	 1.98446E+03
 8.05849E+02	 1.91992E+03
 8.08533E+02	 1.88892E+03
 8.11217E+02	 1.87034E+03
 8.13899E+02	 1.85854E+03
 8.16581E+02	 1.83684E+03
 8.19262E+02	 1.82346E+03
 8.21942E+02	 1.81822E+03
 8.24621E+02	 1.82100E+03
 8.27299E+02	 1.82734E+03
 8.29977E+02	 1.83034E+03
 8.32653E+02	 1.82932E+03
 8.35329E+02	 1.84702E+03
 8.38003E+02	 1.84660E+03
 8.40677E+02	 1.85652E+03
 8.43350E+02	 1.85494E+03
 8.46022E+02	 1.86168E+03
 8.48693E+02	 1.86072E+03
 8.51364E+02	 1.86740E+03
 8.54033E+02	 1.86632E+03
 8.56702E+02	 1.86456E+03
 8.59370E+02	 1.86438E+03
 8.62036E+02	 1.86504E+03
 8.64702E+02	 1.87148E+03
 8.67367E+02	 1.87452E+03
 8.70032E+02	 1.87628E+03
 8.72695E+02	 1.87102E+03
 8.75358E+02	 1.86818E+03
 8.78019E+02	 1.86894E+03
 8.80680E+02	 1.86488E+03
 8.83340E+02	 1.86526E+03
 8.85999E+02	 1.87112E+03
 8.88657E+02	 1.86812E+03
 8.91314E+02	 1.86644E+03
 8.93971E+02	 1.86508E+03
 8.96626E+02	 1.86584E+03
 8.99281E+02	 1.86048E+03
 9.01935E+02	 1.86906E+03
 9.04588E+02	 1.86878E+03
 9.07240E+02	 1.87052E+03
 9.09891E+02	 1.86876E+03
 9.12541E+02	 1.87248E+03
 9.15191E+02	 1.87650E+03
 9.17840E+02	 1.87580E+03
 9.20487E+02	 1.88626E+03
 9.23134E+02	 1.88942E+03
 9.25780E+02	 1.89222E+03
 9.28426E+02	 1.89370E+03
 9.31070E+02	 1.90908E+03
 9.33714E+02	 1.90868E+03
 9.36356E+02	 1.90956E+03
 9.38998E+02	 1.91846E+03
 9.41639E+02	 1.91952E+03
 9.44279E+02	 1.93122E+03
 9.46918E+02	 1.93560E+03
 9.49557E+02	 1.93760E+03
 9.52194E+02	 1.94838E+03
 9.54831E+02	 1.94162E+03
 9.57466E+02	 1.94176E+03
 9.60101E+02	 1.93064E+03
 9.62735E+02	 1.90996E+03
 9.65369E+02	 1.90762E+03
 9.68001E+02	 1.93632E+03
 9.70633E+02	 1.96736E+03
 9.73263E+02	 1.93334E+03
 9.75893E+02	 1.84162E+03
 9.78522E+02	 1.77500E+03
 9.81150E+02	 1.74230E+03
 9.83777E+02	 1.72168E+03
 9.86404E+02	 1.71694E+03
 9.89029E+02	 1.70294E+03
 9.91654E+02	 1.70346E+03
 9.94278E+02	 1.70330E+03
 9.96901E+02	 1.69844E+03
 9.99523E+02	 1.70530E+03
 1.00214E+03	 1.69772E+03
 1.00477E+03	 1.70004E+03
 1.00738E+03	 1.69982E+03
 1.01000E+03	 1.70648E+03
 1.01262E+03	 1.69660E+03
 1.01524E+03	 1.69478E+03
 1.01785E+03	 1.70008E+03
 1.02047E+03	 1.69746E+03
 1.02308E+03	 1.69666E+03
 1.02570E+03	 1.69832E+03
 1.02831E+03	 1.70080E+03
 1.03092E+03	 1.69858E+03
 1.03353E+03	 1.70932E+03
 1.03614E+03	 1.70898E+03
 1.03875E+03	 1.70900E+03
 1.04136E+03	 1.70776E+03
 1.04397E+03	 1.71152E+03
 1.04658E+03	 1.70970E+03
 1.04918E+03	 1.71140E+03
 1.05179E+03	 1.71236E+03
 1.05439E+03	 1.70804E+03
 1.05700E+03	 1.71002E+03
 1.05960E+03	 1.70596E+03
 1.06220E+03	 1.71046E+03
 1.06480E+03	 1.70306E+03
 1.06740E+03	 1.70312E+03
 1.07000E+03	 1.69780E+03
 1.07260E+03	 1.69612E+03
 1.07520E+03	 1.70184E+03
 1.07780E+03	 1.70176E+03
 1.08039E+03	 1.69766E+03
 1.08299E+03	 1.69962E+03
 1.08558E+03	 1.69170E+03
 1.08818E+03	 1.70348E+03
 1.09077E+03	 1.70146E+03
 1.09336E+03	 1.69050E+03
 1.09595E+03	 1.70092E+03
 1.09854E+03	 1.69372E+03
 1.10113E+03	 1.69776E+03
 1.10372E+03	 1.69204E+03
 1.10631E+03	 1.69922E+03
 1.10890E+03	 1.69718E+03
 1.11148E+03	 1.69634E+03
 1.11407E+03	 1.69544E+03
 1.11665E+03	 1.69434E+03
 1.11924E+03	 1.70026E+03
 1.12182E+03	 1.69572E+03
 1.12440E+03	 1.69536E+03
 1.12698E+03	 1.69536E+03
 1.12956E+03	 1.69530E+03
 1.13214E+03	 1.70134E+03
 1.13472E+03	 1.69464E+03
 1.13730E+03	 1.69496E+03
 1.13987E+03	 1.69522E+03
 1.14245E+03	 1.69618E+03
 1.14503E+03	 1.69872E+03
 1.14760E+03	 1.69852E+03
 1.15017E+03	 1.69770E+03
 1.15275E+03	 1.69194E+03
 1.15532E+03	 1.69518E+03
 1.15789E+03	 1.69204E+03
 1.16046E+03	 1.69138E+03
 1.16303E+03	 1.68854E+03
 1.16560E+03	 1.68400E+03
 1.16817E+03	 1.68894E+03
 1.17074E+03	 1.68456E+03
 1.17330E+03	 1.68060E+03
 1.17587E+03	 1.68564E+03
 1.17843E+03	 1.68838E+03
 1.18100E+03	 1.68396E+03
 1.18356E+03	 1.69036E+03
 1.18612E+03	 1.68524E+03
 1.18868E+03	 1.68310E+03
 1.19124E+03	 1.68822E+03
 1.19380E+03	 1.68716E+03
 1.19636E+03	 1.67468E+03
 1.19892E+03	 1.68758E+03
 1.20148E+03	 1.68276E+03
 1.20404E+03	 1.68744E+03
 1.20659E+03	 1.68056E+03
 1.20915E+03	 1.68780E+03
 1.21170E+03	 1.68722E+03
 1.21425E+03	 1.68744E+03
 1.21681E+03	 1.68686E+03
 1.21936E+03	 1.68618E+03
 1.22191E+03	 1.68518E+03
 1.22446E+03	 1.68368E+03
 1.22701E+03	 1.68632E+03
 1.22956E+03	 1.68804E+03
 1.23210E+03	 1.68512E+03
 1.23465E+03	 1.68314E+03
 1.23720E+03	 1.68322E+03
 1.23974E+03	 1.67990E+03
 1.24229E+03	 1.68098E+03
 1.24483E+03	 1.67950E+03
 1.24737E+03	 1.68202E+03
 1.24992E+03	 1.68216E+03
 1.25246E+03	 1.67642E+03
 1.25500E+03	 1.68176E+03
 1.25754E+03	 1.67886E+03
 1.26008E+03	 1.67712E+03
 1.26261E+03	 1.67934E+03
 1.26515E+03	 1.67452E+03
 1.26769E+03	 1.68146E+03
 1.27022E+03	 1.68074E+03
 1.27276E+03	 1.68126E+03
 1.27529E+03	 1.68218E+03
 1.27783E+03	 1.68064E+03
 1.28036E+03	 1.67580E+03
 1.28289E+03	 1.66938E+03
 1.28542E+03	 1.67542E+03
 1.28795E+03	 1.67688E+03
 1.29048E+03	 1.67414E+03
 1.29301E+03	 1.67748E+03
 1.29554E+03	 1.67400E+03
 1.29806E+03	 1.67030E+03
 1.30059E+03	 1.67494E+03
 1.30311E+03	 1.67264E+03
 1.30564E+03	 1.67612E+03
 1.30816E+03	 1.67194E+03
 1.31069E+03	 1.67360E+03
 1.31321E+03	 1.67320E+03
 1.31573E+03	 1.67488E+03
 1.31825E+03	 1.67892E+03
 1.32077E+03	 1.67666E+03
 1.32329E+03	 1.67138E+03
 1.32581E+03	 1.67828E+03
 1.32832E+03	 1.67964E+03
 1.33084E+03	 1.68096E+03
 1.33336E+03	 1.67702E+03
 1.33587E+03	 1.67538E+03
 1.33838E+03	 1.68070E+03
 1.34090E+03	 1.67230E+03
 1.34341E+03	 1.67616E+03
 1.34592E+03	 1.68000E+03
 1.34843E+03	 1.67876E+03
 1.35094E+03	 1.68046E+03
 1.35345E+03	 1.67978E+03
 1.35596E+03	 1.67586E+03
 1.35847E+03	 1.67666E+03
 1.36098E+03	 1.67422E+03
 1.36348E+03	 1.68148E+03
 1.36599E+03	 1.67528E+03
 1.36849E+03	 1.67918E+03
 1.37100E+03	 1.67928E+03
 1.37350E+03	 1.67606E+03
 1.37600E+03	 1.67626E+03
 1.37850E+03	 1.67892E+03
 1.38100E+03	 1.67770E+03
 1.38350E+03	 1.67602E+03
 1.38600E+03	 1.67404E+03
 1.38850E+03	 1.67294E+03
 1.39100E+03	 1.66474E+03
 1.39350E+03	 1.66988E+03
 1.39599E+03	 1.67032E+03
 1.39849E+03	 1.66678E+03
 1.40098E+03	 1.66718E+03
 1.40348E+03	 1.66754E+03
 1.40597E+03	 1.67412E+03
 1.40846E+03	 1.66632E+03
 1.41095E+03	 1.66652E+03
 1.41344E+03	 1.66736E+03
 1.41593E+03	 1.67214E+03
 1.41842E+03	 1.66632E+03
 1.42091E+03	 1.65938E+03
 1.42340E+03	 1.66238E+03
 1.42588E+03	 1.65834E+03
 1.42837E+03	 1.65488E+03
 1.43086E+03	 1.66228E+03
 1.43334E+03	 1.65842E+03
 1.43582E+03	 1.65590E+03
 1.43831E+03	 1.65906E+03
 1.44079E+03	 1.66212E+03
 1.44327E+03	 1.66302E+03
 1.44575E+03	 1.65920E+03
 1.44823E+03	 1.65596E+03
 1.45071E+03	 1.65590E+03
 1.45319E+03	 1.66058E+03
 1.45566E+03	 1.66254E+03
 1.45814E+03	 1.66128E+03
 1.46062E+03	 1.65982E+03
 1.46309E+03	 1.66030E+03
 1.46557E+03	 1.65732E+03
 1.46804E+03	 1.65666E+03
 1.47051E+03	 1.66382E+03
 1.47298E+03	 1.66034E+03
 1.47546E+03	 1.66318E+03
 1.47793E+03	 1.66076E+03
 1.48040E+03	 1.65598E+03
 1.48286E+03	 1.65782E+03
 1.48533E+03	 1.66116E+03
 1.48780E+03	 1.65710E+03
 1.49027E+03	 1.65436E+03
 1.49273E+03	 1.65390E+03
 1.49520E+03	 1.66018E+03
 1.49766E+03	 1.65998E+03
 1.50013E+03	 1.66468E+03
 1.50259E+03	 1.66744E+03
 1.50505E+03	 1.66810E+03
 1.50751E+03	 1.66546E+03
 1.50997E+03	 1.67102E+03
 1.51243E+03	 1.67080E+03
 1.51489E+03	 1.66726E+03
 1.51735E+03	 1.66642E+03
 1.51981E+03	 1.66940E+03
 1.52226E+03	 1.67178E+03
 1.52472E+03	 1.66664E+03
 1.52718E+03	 1.66722E+03
 1.52963E+03	 1.66902E+03
 1.53208E+03	 1.67132E+03
 1.53454E+03	 1.66844E+03
 1.53699E+03	 1.66460E+03
 1.53944E+03	 1.66844E+03
 1.54189E+03	 1.66330E+03
 1.54434E+03	 1.66790E+03
 1.54679E+03	 1.66526E+03
 1.54924E+03	 1.66206E+03
 1.55169E+03	 1.66226E+03
 1.55413E+03	 1.66530E+03
 1.55658E+03	 1.66462E+03
 1.55902E+03	 1.66550E+03
 1.56147E+03	 1.66338E+03
 1.56391E+03	 1.66328E+03
 1.56636E+03	 1.65696E+03
 1.56880E+03	 1.65646E+03
 1.57124E+03	 1.66074E+03
 1.57368E+03	 1.66164E+03
 1.57612E+03	 1.66166E+03
 1.57856E+03	 1.65532E+03
 1.58100E+03	 1.65608E+03
 1.58344E+03	 1.65454E+03
 1.58587E+03	 1.65452E+03
 1.58831E+03	 1.65560E+03
 1.59074E+03	 1.65190E+03
 1.59318E+03	 1.65016E+03
 1.59561E+03	 1.64762E+03
 1.59805E+03	 1.65210E+03
 1.60048E+03	 1.65246E+03
 1.60291E+03	 1.65060E+03
 1.60534E+03	 1.64650E+03
 1.60777E+03	 1.64932E+03
 1.61020E+03	 1.64786E+03
 1.61263E+03	 1.64888E+03
 1.61506E+03	 1.65338E+03
 1.61749E+03	 1.65414E+03
 1.61991E+03	 1.65138E+03
 1.62234E+03	 1.64768E+03
 1.62476E+03	 1.64858E+03
 1.62719E+03	 1.65000E+03
 1.62961E+03	 1.64728E+03
 1.63203E+03	 1.63914E+03
 1.63446E+03	 1.63852E+03
 1.63688E+03	 1.64118E+03
 1.63930E+03	 1.64250E+03
 1.64172E+03	 1.64142E+03
 1.64414E+03	 1.63708E+03
 1.64656E+03	 1.63798E+03
 1.64897E+03	 1.63704E+03
 1.65139E+03	 1.64542E+03
 1.65381E+03	 1.64110E+03
 1.65622E+03	 1.64648E+03
 1.65864E+03	 1.63892E+03
 1.66105E+03	 1.64132E+03
 1.66346E+03	 1.65046E+03
 1.66588E+03	 1.64124E+03
 1.66829E+03	 1.64560E+03
 1.67070E+03	 1.63988E+03
 1.67311E+03	 1.65066E+03
 1.67552E+03	 1.64464E+03
 1.67793E+03	 1.64252E+03
 1.68034E+03	 1.64808E+03
 1.68274E+03	 1.64478E+03
 1.68515E+03	 1.64976E+03
 1.68756E+03	 1.65256E+03
 1.68996E+03	 1.64598E+03
 1.69236E+03	 1.65640E+03
 1.69477E+03	 1.64928E+03
 1.69717E+03	 1.64942E+03
 1.69957E+03	 1.65018E+03
 1.70197E+03	 1.64920E+03
 1.70438E+03	 1.64408E+03
 1.70678E+03	 1.64488E+03
 1.70917E+03	 1.65014E+03
 1.71157E+03	 1.64430E+03
 1.71397E+03	 1.64660E+03
 1.71637E+03	 1.64656E+03
 1.71876E+03	 1.64348E+03
 1.72116E+03	 1.64712E+03
 1.72355E+03	 1.64398E+03
 1.72595E+03	 1.64792E+03
 1.72834E+03	 1.64186E+03
 1.73073E+03	 1.63420E+03
 1.73313E+03	 1.63244E+03
 1.73552E+03	 1.63010E+03
 1.73791E+03	 1.62828E+03
 1.74030E+03	 1.62838E+03
 1.74269E+03	 1.62376E+03
 1.74507E+03	 1.63336E+03
 1.74746E+03	 1.62642E+03
 1.74985E+03	 1.63000E+03
 1.75224E+03	 1.63592E+03
 1.75462E+03	 1.63264E+03
 1.75701E+03	 1.63550E+03
 1.75939E+03	 1.63220E+03
 1.76177E+03	 1.63244E+03
 1.76415E+03	 1.63496E+03
 1.76654E+03	 1.62940E+03
 1.76892E+03	 1.63228E+03
 1.77130E+03	 1.63252E+03
 1.77368E+03	 1.63296E+03
 1.77606E+03	 1.63252E+03
 1.77843E+03	 1.62680E+03
 1.78081E+03	 1.62976E+03
 1.78319E+03	 1.63354E+03
 1.78556E+03	 1.62202E+03
 1.78794E+03	 1.62916E+03
 1.79031E+03	 1.62218E+03
 1.79269E+03	 1.62362E+03
 1.79506E+03	 1.63030E+03
 1.79743E+03	 1.63012E+03
 1.79981E+03	 1.62970E+03
 1.80218E+03	 1.62626E+03
 1.80455E+03	 1.62502E+03
 1.80692E+03	 1.63224E+03
 1.80928E+03	 1.62478E+03
 1.81165E+03	 1.62380E+03
 1.81402E+03	 1.62764E+03
 1.81639E+03	 1.62380E+03
 1.81875E+03	 1.62258E+03
 1.82112E+03	 1.62452E+03
 1.82348E+03	 1.62544E+03
 1.82585E+03	 1.62492E+03
 1.82821E+03	 1.62554E+03
 1.83057E+03	 1.62526E+03
 1.83293E+03	 1.62464E+03
 1.83529E+03	 1.61500E+03
 1.83765E+03	 1.62374E+03
 1.84001E+03	 1.61904E+03
 1.84237E+03	 1.62634E+03
 1.84473E+03	 1.61890E+03
 1.84709E+03	 1.62546E+03
 1.84944E+03	 1.63086E+03
 1.85180E+03	 1.62714E+03
 1.85416E+03	 1.62670E+03
 1.85651E+03	 1.62788E+03
 1.85886E+03	 1.62906E+03
 1.86122E+03	 1.62832E+03
 1.86357E+03	 1.62588E+03
 1.86592E+03	 1.62146E+03
 1.86827E+03	 1.62196E+03
 1.87062E+03	 1.62348E+03
 1.87297E+03	 1.62604E+03
 1.87532E+03	 1.62558E+03
 1.87767E+03	 1.62498E+03
 1.88002E+03	 1.62902E+03
 1.88236E+03	 1.62916E+03
 1.88471E+03	 1.62188E+03
 1.88705E+03	 1.62462E+03
 1.88940E+03	 1.62230E+03
 1.89174E+03	 1.61958E+03
 1.89409E+03	 1.62556E+03
 1.89643E+03	 1.62490E+03
 1.89877E+03	 1.61886E+03
 1.90111E+03	 1.61846E+03
 1.90345E+03	 1.62214E+03
 1.90579E+03	 1.61748E+03
 1.90813E+03	 1.62118E+03
 1.91047E+03	 1.62512E+03
 1.91281E+03	 1.62056E+03
 1.91514E+03	 1.61958E+03
 1.91748E+03	 1.62078E+03
 1.91981E+03	 1.62116E+03
 1.92215E+03	 1.61648E+03
 1.92448E+03	 1.61832E+03
 1.92682E+03	 1.61562E+03
 1.92915E+03	 1.61240E+03
 1.93148E+03	 1.61314E+03
 1.93381E+03	 1.60828E+03
 1.93614E+03	 1.61572E+03
 1.93847E+03	 1.61444E+03
 1.94080E+03	 1.61436E+03
 1.94313E+03	 1.61090E+03
 1.94546E+03	 1.61814E+03
 1.94778E+03	 1.61690E+03
 1.95011E+03	 1.61460E+03
 1.95244E+03	 1.61256E+03
 1.95476E+03	 1.61662E+03
 1.95709E+03	 1.61664E+03
 1.95941E+03	 1.62622E+03
 1.96173E+03	 1.63122E+03
 1.96405E+03	 1.62796E+03
 1.96638E+03	 1.63526E+03
 1.96870E+03	 1.63940E+03
 1.97102E+03	 1.64124E+03
 1.97334E+03	 1.63686E+03
 1.97566E+03	 1.63596E+03
 1.97797E+03	 1.62468E+03
 1.98029E+03	 1.61992E+03
 1.98261E+03	 1.61824E+03
 1.98492E+03	 1.61538E+03
 1.98724E+03	 1.60738E+03
 1.98955E+03	 1.60580E+03
 1.99187E+03	 1.60826E+03
 1.99418E+03	 1.60052E+03
 1.99649E+03	 1.59910E+03
 1.99880E+03	 1.60138E+03
 2.00112E+03	 1.59964E+03
 2.00343E+03	 1.59704E+03
 2.00574E+03	 1.60240E+03
 2.00804E+03	 1.60140E+03
 2.01035E+03	 1.59854E+03
 2.01266E+03	 1.59606E+03
 2.01497E+03	 1.59916E+03
 2.01727E+03	 1.60386E+03
 2.01958E+03	 1.60224E+03
 2.02188E+03	 1.60224E+03
 2.02419E+03	 1.59728E+03
 2.02649E+03	 1.59848E+03
 2.02880E+03	 1.60214E+03
 2.03110E+03	 1.60466E+03
 2.03340E+03	 1.60156E+03
 2.03570E+03	 1.60112E+03
 2.03800E+03	 1.60284E+03
 2.04030E+03	 1.60646E+03
 2.04260E+03	 1.59670E+03
 2.04490E+03	 1.59732E+03
 2.04719E+03	 1.59836E+03
 2.04949E+03	 1.59912E+03
 2.05179E+03	 1.60034E+03
 2.05408E+03	 1.59558E+03
 2.05638E+03	 1.59400E+03
 2.05867E+03	 1.59342E+03
 2.06096E+03	 1.59402E+03
 2.06326E+03	 1.59552E+03
 2.06555E+03	 1.59344E+03
 2.06784E+03	 1.59582E+03
 2.07013E+03	 1.59278E+03
 2.07242E+03	 1.59618E+03
 2.07471E+03	 1.59386E+03
 2.07700E+03	 1.59374E+03
 2.07929E+03	 1.59026E+03
 2.08157E+03	 1.59336E+03
 2.08386E+03	 1.59302E+03
 2.08615E+03	 1.59048E+03
 2.08843E+03	 1.59016E+03
 2.09072E+03	 1.59180E+03
 2.09300E+03	 1.59014E+03
 2.09528E+03	 1.59512E+03
 2.09756E+03	 1.58932E+03
 2.09985E+03	 1.59296E+03
 2.10213E+03	 1.58906E+03
 2.10441E+03	 1.59524E+03
 2.10669E+03	 1.58580E+03
 2.10897E+03	 1.59034E+03
 2.11125E+03	 1.59054E+03
 2.11352E+03	 1.58978E+03
 2.11580E+03	 1.59280E+03
 2.11808E+03	 1.59058E+03
 2.12035E+03	 1.58990E+03
 2.12263E+03	 1.59282E+03
 2.12490E+03	 1.59146E+03
 2.12718E+03	 1.58956E+03
 2.12945E+03	 1.59036E+03
 2.13172E+03	 1.58972E+03
 2.13399E+03	 1.59134E+03
 2.13626E+03	 1.59016E+03
 2.13853E+03	 1.59272E+03
 2.14080E+03	 1.58806E+03
 2.14307E+03	 1.58844E+03
 2.14534E+03	 1.58866E+03
 2.14761E+03	 1.58916E+03
 2.14988E+03	 1.58364E+03
 2.15214E+03	 1.58702E+03
 2.15441E+03	 1.59008E+03
 2.15667E+03	 1.58760E+03
 2.15894E+03	 1.58584E+03
 2.16120E+03	 1.59038E+03
 2.16346E+03	 1.59100E+03
 2.16573E+03	 1.59348E+03
 2.16799E+03	 1.58558E+03
 2.17025E+03	 1.58610E+03
 2.17251E+03	 1.59232E+03
 2.17477E+03	 1.58728E+03
 2.17703E+03	 1.58770E+03
 2.17929E+03	 1.58442E+03
 2.18154E+03	 1.58802E+03
 2.18380E+03	 1.58450E+03
 2.18606E+03	 1.58656E+03
 2.18831E+03	 1.58318E+03
 2.19057E+03	 1.58746E+03
 2.19282E+03	 1.59140E+03
 2.19508E+03	 1.58134E+03
 2.19733E+03	 1.58792E+03
 2.19958E+03	 1.58428E+03
 2.20183E+03	 1.58500E+03
 2.20409E+03	 1.58558E+03
 2.20634E+03	 1.58186E+03
 2.20859E+03	 1.58402E+03
 2.21083E+03	 1.58180E+03
 2.21308E+03	 1.58254E+03
 2.21533E+03	 1.58190E+03
 2.21758E+03	 1.58230E+03
 2.21982E+03	 1.58418E+03
 2.22207E+03	 1.58512E+03
 2.22432E+03	 1.58300E+03
 2.22656E+03	 1.58406E+03
 2.22880E+03	 1.58228E+03
 2.23105E+03	 1.58358E+03
 2.23329E+03	 1.58032E+03
 2.23553E+03	 1.58244E+03
 2.23777E+03	 1.58054E+03
 2.24001E+03	 1.58338E+03
 2.24225E+03	 1.58232E+03
 2.24449E+03	 1.58080E+03
 2.24673E+03	 1.58034E+03
 2.24897E+03	 1.57524E+03
 2.25121E+03	 1.58490E+03
 2.25344E+03	 1.58330E+03
 2.25568E+03	 1.58012E+03
 2.25791E+03	 1.58320E+03
 2.26015E+03	 1.58022E+03
 2.26238E+03	 1.58044E+03
 2.26462E+03	 1.58498E+03
 2.26685E+03	 1.58042E+03
 2.26908E+03	 1.58344E+03
 2.27131E+03	 1.57914E+03
 2.27354E+03	 1.57550E+03
 2.27577E+03	 1.57968E+03
 2.27800E+03	 1.58168E+03
 2.28023E+03	 1.57570E+03
 2.28246E+03	 1.57922E+03
 2.28469E+03	 1.57924E+03
 2.28692E+03	 1.57776E+03
 2.28914E+03	 1.58172E+03
 2.29137E+03	 1.58356E+03
 2.29359E+03	 1.58324E+03
 2.29582E+03	 1.58036E+03
 2.29804E+03	 1.58136E+03
 2.30026E+03	 1.58236E+03
 2.30249E+03	 1.57936E+03
 2.30471E+03	 1.58452E+03
 2.30693E+03	 1.58594E+03
 2.30915E+03	 1.58148E+03
 2.31137E+03	 1.57712E+03
 2.31359E+03	 1.58056E+03
 2.31581E+03	 1.57902E+03
 2.31802E+03	 1.58152E+03
 2.32024E+03	 1.57840E+03
 2.32246E+03	 1.58184E+03
 2.32467E+03	 1.57992E+03
 2.32689E+03	 1.57998E+03
 2.32910E+03	 1.57680E+03
 2.33132E+03	 1.58190E+03
 2.33353E+03	 1.58002E+03
 2.33574E+03	 1.57876E+03
 2.33796E+03	 1.57994E+03
 2.34017E+03	 1.57438E+03
 2.34238E+03	 1.57064E+03
 2.34459E+03	 1.57388E+03
 2.34680E+03	 1.57686E+03
 2.34901E+03	 1.57552E+03
 2.35121E+03	 1.57658E+03
 2.35342E+03	 1.57460E+03
 2.35563E+03	 1.57102E+03
 2.35784E+03	 1.57574E+03
 2.36004E+03	 1.57318E+03
 2.36225E+03	 1.57974E+03
 2.36445E+03	 1.57432E+03
 2.36665E+03	 1.57212E+03
 2.36886E+03	 1.57466E+03
 2.37106E+03	 1.57160E+03
 2.37326E+03	 1.57582E+03
 2.37546E+03	 1.57480E+03
 2.37766E+03	 1.56990E+03
 2.37986E+03	 1.57742E+03
 2.38206E+03	 1.57028E+03
 2.38426E+03	 1.57332E+03
 2.38646E+03	 1.56914E+03
 2.38866E+03	 1.57618E+03
 2.39085E+03	 1.57072E+03
 2.39305E+03	 1.56968E+03
 2.39525E+03	 1.57036E+03
 2.39744E+03	 1.57216E+03
 2.39963E+03	 1.56872E+03
 2.40183E+03	 1.56930E+03
 2.40402E+03	 1.57016E+03
 2.40621E+03	 1.57218E+03
 2.40841E+03	 1.56810E+03
 2.41060E+03	 1.56992E+03
 2.41279E+03	 1.56722E+03
 2.41498E+03	 1.57538E+03
 2.41717E+03	 1.57506E+03
 2.41935E+03	 1.57190E+03
 2.42154E+03	 1.56998E+03
 2.42373E+03	 1.56940E+03
 2.42592E+03	 1.57162E+03
 2.42810E+03	 1.56728E+03
 2.43029E+03	 1.56600E+03
 2.43247E+03	 1.56930E+03
 2.43466E+03	 1.56640E+03
 2.43684E+03	 1.56918E+03
 2.43902E+03	 1.56946E+03
 2.44121E+03	 1.56510E+03
 2.44339E+03	 1.56890E+03
 2.44557E+03	 1.57070E+03
 2.44775E+03	 1.56406E+03
 2.44993E+03	 1.56388E+03
 2.45211E+03	 1.56484E+03
 2.45429E+03	 1.56444E+03
 2.45646E+03	 1.57046E+03
 2.45864E+03	 1.56600E+03
 2.46082E+03	 1.56228E+03
 2.46299E+03	 1.56708E+03
 2.46517E+03	 1.56396E+03
 2.46734E+03	 1.56554E+03
 2.46952E+03	 1.56722E+03
 2.47169E+03	 1.57288E+03
 2.47386E+03	 1.57106E+03
 2.47604E+03	 1.56998E+03
 2.47821E+03	 1.56678E+03
 2.48038E+03	 1.56900E+03
 2.48255E+03	 1.56436E+03
 2.48472E+03	 1.56410E+03
 2.48689E+03	 1.57056E+03
 2.48906E+03	 1.56916E+03
 2.49123E+03	 1.56600E+03
 2.49339E+03	 1.57048E+03
 2.49556E+03	 1.57122E+03
 2.49773E+03	 1.56904E+03
 2.49989E+03	 1.56816E+03
 2.50206E+03	 1.56472E+03
 2.50422E+03	 1.56684E+03
 2.50638E+03	 1.56360E+03
 2.50855E+03	 1.56934E+03
 2.51071E+03	 1.56890E+03
 2.51287E+03	 1.56952E+03
 2.51503E+03	 1.56452E+03
 2.51719E+03	 1.57276E+03
 2.51935E+03	 1.56942E+03
 2.52151E+03	 1.56726E+03
 2.52367E+03	 1.56606E+03
 2.52583E+03	 1.56904E+03
 2.52799E+03	 1.56828E+03
 2.53014E+03	 1.56666E+03
 2.53230E+03	 1.57082E+03
 2.53445E+03	 1.56940E+03
 2.53661E+03	 1.56544E+03
 2.53876E+03	 1.57028E+03
 2.54092E+03	 1.56530E+03
 2.54307E+03	 1.56964E+03
 2.54522E+03	 1.56410E+03
 2.54738E+03	 1.56554E+03
 2.54953E+03	 1.56972E+03
 2.55168E+03	 1.56674E+03
 2.55383E+03	 1.56642E+03
 2.55598E+03	 1.56756E+03
 2.55813E+03	 1.56228E+03
 2.56027E+03	 1.55838E+03
 2.56242E+03	 1.56238E+03
 2.56457E+03	 1.56432E+03
 2.56671E+03	 1.56010E+03
 2.56886E+03	 1.56160E+03
 2.57101E+03	 1.55786E+03
 2.57315E+03	 1.55960E+03
 2.57529E+03	 1.56186E+03
 2.57744E+03	 1.56282E+03
 2.57958E+03	 1.55776E+03
 2.58172E+03	 1.56144E+03
 2.58386E+03	 1.56114E+03
 2.58601E+03	 1.55966E+03
 2.58815E+03	 1.55638E+03
 2.59029E+03	 1.55950E+03
 2.59242E+03	 1.55786E+03
 2.59456E+03	 1.55730E+03
 2.59670E+03	 1.56194E+03
 2.59884E+03	 1.55532E+03
 2.60097E+03	 1.55928E+03
 2.60311E+03	 1.55874E+03
 2.60525E+03	 1.55976E+03
 2.60738E+03	 1.55650E+03
 2.60952E+03	 1.55850E+03
 2.61165E+03	 1.55570E+03
 2.61378E+03	 1.55710E+03
 2.61591E+03	 1.55850E+03
 2.61805E+03	 1.55308E+03
 2.62018E+03	 1.55794E+03
 2.62231E+03	 1.55958E+03
 2.62444E+03	 1.55676E+03
 2.62657E+03	 1.55872E+03
 2.62870E+03	 1.55698E+03
 2.63082E+03	 1.55420E+03
 2.63295E+03	 1.55332E+03
 2.63508E+03	 1.55444E+03
 2.63721E+03	 1.55296E+03
 2.63933E+03	 1.56048E+03
 2.64146E+03	 1.55912E+03
 2.64358E+03	 1.55200E+03
 2.64571E+03	 1.55770E+03
 2.64783E+03	 1.55408E+03
 2.64995E+03	 1.55596E+03
 2.65207E+03	 1.55784E+03
 2.65420E+03	 1.55960E+03
 2.65632E+03	 1.56176E+03
 2.65844E+03	 1.55376E+03
 2.66056E+03	 1.55666E+03
 2.66268E+03	 1.55768E+03
 2.66480E+03	 1.55820E+03
 2.66691E+03	 1.55244E+03
 2.66903E+03	 1.55620E+03
 2.67115E+03	 1.55872E+03
 2.67326E+03	 1.55560E+03
 2.67538E+03	 1.55744E+03
 2.67749E+03	 1.55530E+03
 2.67961E+03	 1.55638E+03
 2.68172E+03	 1.55638E+03
 2.68384E+03	 1.55448E+03
 2.68595E+03	 1.55846E+03
 2.68806E+03	 1.55620E+03
 2.69017E+03	 1.55726E+03
 2.69228E+03	 1.55230E+03
 2.69439E+03	 1.55690E+03
 2.69650E+03	 1.55540E+03
 2.69861E+03	 1.55616E+03
 2.70072E+03	 1.55380E+03
 2.70283E+03	 1.55404E+03
 2.70494E+03	 1.55248E+03
 2.70704E+03	 1.55280E+03
 2.70915E+03	 1.55174E+03
 2.71126E+03	 1.55380E+03
 2.71336E+03	 1.55296E+03
 2.71546E+03	 1.55332E+03
 2.71757E+03	 1.55216E+03
 2.71967E+03	 1.55338E+03
 2.72177E+03	 1.55242E+03
 2.72388E+03	 1.55464E+03
 2.72598E+03	 1.55284E+03
 2.72808E+03	 1.55394E+03
 2.73018E+03	 1.55234E+03
 2.73228E+03	 1.55346E+03
 2.73438E+03	 1.54892E+03
 2.73648E+03	 1.55426E+03
 2.73857E+03	 1.55418E+03
 2.74067E+03	 1.54958E+03
 2.74277E+03	 1.55360E+03
 2.74486E+03	 1.55240E+03
 2.74696E+03	 1.55180E+03
 2.74905E+03	 1.55136E+03
 2.75115E+03	 1.55094E+03
 2.75324E+03	 1.55022E+03
 2.75534E+03	 1.55110E+03
 2.75743E+03	 1.55084E+03
 2.75952E+03	 1.54716E+03
 2.76161E+03	 1.55046E+03
 2.76370E+03	 1.54884E+03
 2.76579E+03	 1.55104E+03
 2.76788E+03	 1.54928E+03
 2.76997E+03	 1.54574E+03
 2.77206E+03	 1.54640E+03
 2.77415E+03	 1.54974E+03
 2.77624E+03	 1.54754E+03
 2.77832E+03	 1.54440E+03
 2.78041E+03	 1.55028E+03
 2.78250E+03	 1.54204E+03
 2.78458E+03	 1.54506E+03
 2.78666E+03	 1.54956E+03
 2.78875E+03	 1.54160E+03
 2.79083E+03	 1.54616E+03
 2.79291E+03	 1.54270E+03
 2.79500E+03	 1.54470E+03
 2.79708E+03	 1.54558E+03
 2.79916E+03	 1.54584E+03
 2.80124E+03	 1.54100E+03
 2.80332E+03	 1.54626E+03
 2.80540E+03	 1.53942E+03
 2.80748E+03	 1.54138E+03
 2.80956E+03	 1.54060E+03
 2.81163E+03	 1.54214E+03
 2.81371E+03	 1.54144E+03
 2.81579E+03	 1.54074E+03
 2.81786E+03	 1.54084E+03
 2.81994E+03	 1.53768E+03
 2.82201E+03	 1.53734E+03
 2.82409E+03	 1.53732E+03
 2.82616E+03	 1.54168E+03
 2.82823E+03	 1.53554E+03
 2.83031E+03	 1.54128E+03
 2.83238E+03	 1.53898E+03
 2.83445E+03	 1.54006E+03
 2.83652E+03	 1.54368E+03
 2.83859E+03	 1.54018E+03
 2.84066E+03	 1.54108E+03
 2.84273E+03	 1.53732E+03
 2.84480E+03	 1.54322E+03
 2.84686E+03	 1.53846E+03
 2.84893E+03	 1.54158E+03
 2.85100E+03	 1.54124E+03
 2.85306E+03	 1.53664E+03
 2.85513E+03	 1.53442E+03
 2.85719E+03	 1.53980E+03
 2.85926E+03	 1.54112E+03
 2.86132E+03	 1.53712E+03
 2.86339E+03	 1.53602E+03
 2.86545E+03	 1.53716E+03
 2.86751E+03	 1.53552E+03
 2.86957E+03	 1.53292E+03
 2.87163E+03	 1.54080E+03
 2.87369E+03	 1.54038E+03
 2.87575E+03	 1.53616E+03
 2.87781E+03	 1.53728E+03
 2.87987E+03	 1.53318E+03
 2.88193E+03	 1.53592E+03
 2.88399E+03	 1.53536E+03
 2.88604E+03	 1.53172E+03
 2.88810E+03	 1.53510E+03
 2.89015E+03	 1.53272E+03
 2.89221E+03	 1.53768E+03
 2.89426E+03	 1.53760E+03
 2.89632E+03	 1.53550E+03
 2.89837E+03	 1.53228E+03
 2.90042E+03	 1.53756E+03
 2.90248E+03	 1.53192E+03
 2.90453E+03	 1.53832E+03
 2.90658E+03	 1.53302E+03
 2.90863E+03	 1.53396E+03
 2.91068E+03	 1.53448E+03
 2.91273E+03	 1.52996E+03
 2.91478E+03	 1.53360E+03
 2.91683E+03	 1.53478E+03
 2.91888E+03	 1.52750E+03
 2.92092E+03	 1.53158E+03
 2.92297E+03	 1.53426E+03
 2.92502E+03	 1.53246E+03
 2.92706E+03	 1.53118E+03
 2.92911E+03	 1.53188E+03
 2.93115E+03	 1.52642E+03
 2.93320E+03	 1.52756E+03
 2.93524E+03	 1.53058E+03
 2.93728E+03	 1.53036E+03
 2.93932E+03	 1.53172E+03
 2.94137E+03	 1.52724E+03
 2.94341E+03	 1.52694E+03
 2.94545E+03	 1.53094E+03
 2.94749E+03	 1.52618E+03
 2.94953E+03	 1.52866E+03
 2.95157E+03	 1.53000E+03
 2.95360E+03	 1.52264E+03
 2.95564E+03	 1.52808E+03
 2.95768E+03	 1.52296E+03
 2.95971E+03	 1.52700E+03
 2.96175E+03	 1.52748E+03
 2.96379E+03	 1.52824E+03
 2.96582E+03	 1.52770E+03
 2.96786E+03	 1.52362E+03
 2.96989E+03	 1.52788E+03
 2.97192E+03	 1.52556E+03
 2.97396E+03	 1.52676E+03
 2.97599E+03	 1.52434E+03
 2.97802E+03	 1.52460E+03
 2.98005E+03	 1.52190E+03
 2.98208E+03	 1.52262E+03
 2.98411E+03	 1.52692E+03
 2.98614E+03	 1.52336E+03
 2.98817E+03	 1.52606E+03
 2.99020E+03	 1.52056E+03
 2.99223E+03	 1.52428E+03
 2.99425E+03	 1.52366E+03
 2.99628E+03	 1.52174E+03
 2.99830E+03	 1.52128E+03
 3.00033E+03	 1.52294E+03
 3.00236E+03	 1.51800E+03
 3.00438E+03	 1.52162E+03
 3.00640E+03	 1.51954E+03
 3.00843E+03	 1.52194E+03
 3.01045E+03	 1.52032E+03
 3.01247E+03	 1.52026E+03
 3.01449E+03	 1.52124E+03
 3.01651E+03	 1.52074E+03
 3.01854E+03	 1.51870E+03
 3.02056E+03	 1.52036E+03
 3.02257E+03	 1.52064E+03
 3.02459E+03	 1.51994E+03
 3.02661E+03	 1.51856E+03
 3.02863E+03	 1.51768E+03
 3.03065E+03	 1.52216E+03
 3.03266E+03	 1.52224E+03
 3.03468E+03	 1.51968E+03
 3.03669E+03	 1.52024E+03
 3.03871E+03	 1.52186E+03
 3.04072E+03	 1.52226E+03
 3.04274E+03	 1.51902E+03
 3.04475E+03	 1.51982E+03
 3.04676E+03	 1.51944E+03
 3.04878E+03	 1.52022E+03
 3.05079E+03	 1.51806E+03
 3.05280E+03	 1.51948E+03
 3.05481E+03	 1.51556E+03
 3.05682E+03	 1.51776E+03
 3.05883E+03	 1.52136E+03
 3.06084E+03	 1.51898E+03
 3.06285E+03	 1.52044E+03
 3.06486E+03	 1.52210E+03
 3.06686E+03	 1.51676E+03
 3.06887E+03	 1.51442E+03
 3.07088E+03	 1.51784E+03
 3.07288E+03	 1.51696E+03
 3.07489E+03	 1.52012E+03
 3.07689E+03	 1.51384E+03
 3.07890E+03	 1.51608E+03
 3.08090E+03	 1.51146E+03
 3.08290E+03	 1.51562E+03
 3.08490E+03	 1.51344E+03
 3.08691E+03	 1.51666E+03
 3.08891E+03	 1.51346E+03
 3.09091E+03	 1.51242E+03
 3.09291E+03	 1.51412E+03
 3.09491E+03	 1.51644E+03
 3.09691E+03	 1.51468E+03
 3.09891E+03	 1.51624E+03
 3.10090E+03	 1.51500E+03
 3.10290E+03	 1.51170E+03
 3.10490E+03	 1.51380E+03
 3.10690E+03	 1.51404E+03
 3.10889E+03	 1.51122E+03
 3.11089E+03	 1.51382E+03
 3.11288E+03	 1.50936E+03
 3.11488E+03	 1.51074E+03
 3.11687E+03	 1.51146E+03
 3.11886E+03	 1.51134E+03
 3.12086E+03	 1.51066E+03
 3.12285E+03	 1.50580E+03
 3.12484E+03	 1.51448E+03
 3.12683E+03	 1.50886E+03
 3.12882E+03	 1.50704E+03
 3.13081E+03	 1.51078E+03
 3.13280E+03	 1.50818E+03
 3.13479E+03	 1.50384E+03
 3.13678E+03	 1.51200E+03
 3.13877E+03	 1.50250E+03
 3.14075E+03	 1.50536E+03
 3.14274E+03	 1.50876E+03
 3.14473E+03	 1.50468E+03
 3.14671E+03	 1.50476E+03
 3.14870E+03	 1.50588E+03
 3.15068E+03	 1.50434E+03
 3.15267E+03	 1.50014E+03
 3.15465E+03	 1.50378E+03
 3.15663E+03	 1.50508E+03
 3.15862E+03	 1.50396E+03
 3.16060E+03	 1.50218E+03
 3.16258E+03	 1.50124E+03
 3.16456E+03	 1.49974E+03
 3.16654E+03	 1.50202E+03
 3.16852E+03	 1.50250E+03
 3.17050E+03	 1.50012E+03
 3.17248E+03	 1.50242E+03
 3.17446E+03	 1.49888E+03
 3.17643E+03	 1.50236E+03
 3.17841E+03	 1.50254E+03
 3.18039E+03	 1.50168E+03
 3.18236E+03	 1.50330E+03
 3.18434E+03	 1.50178E+03
 3.18632E+03	 1.50258E+03
 3.18829E+03	 1.50168E+03
 3.19026E+03	 1.50100E+03
 3.19224E+03	 1.50360E+03
 3.19421E+03	 1.50208E+03
 3.19618E+03	 1.50020E+03
 3.19815E+03	 1.49934E+03
 3.20013E+03	 1.49902E+03
 3.20210E+03	 1.49912E+03
 3.20407E+03	 1.50366E+03
 3.20604E+03	 1.50216E+03
 3.20801E+03	 1.49758E+03
 3.20998E+03	 1.50378E+03
 3.21194E+03	 1.50076E+03
 3.21391E+03	 1.50150E+03
 3.21588E+03	 1.50234E+03
 3.21784E+03	 1.49826E+03
 3.21981E+03	 1.49862E+03
 3.22178E+03	 1.50166E+03
 3.22374E+03	 1.49974E+03
 3.22571E+03	 1.49828E+03
 3.22767E+03	 1.49854E+03
 3.22963E+03	 1.49984E+03
 3.23160E+03	 1.49530E+03
 3.23356E+03	 1.49774E+03
 3.23552E+03	 1.49684E+03
 3.23748E+03	 1.49576E+03
 3.23944E+03	 1.49914E+03
 3.24140E+03	 1.49592E+03
 3.24336E+03	 1.49762E+03
 3.24532E+03	 1.49746E+03
 3.24728E+03	 1.49448E+03
 3.24924E+03	 1.49674E+03
 3.25120E+03	 1.49568E+03
 3.25315E+03	 1.49894E+03
 3.25511E+03	 1.49774E+03
 3.25707E+03	 1.49334E+03
 3.25902E+03	 1.49180E+03
 3.26098E+03	 1.49588E+03
 3.26293E+03	 1.49112E+03
 3.26489E+03	 1.49308E+03
 3.26684E+03	 1.49292E+03
 3.26879E+03	 1.49526E+03
 3.27075E+03	 1.49366E+03
 3.27270E+03	 1.49244E+03
 3.27465E+03	 1.49322E+03
 3.27660E+03	 1.49320E+03
 3.27855E+03	 1.49474E+03
 3.28050E+03	 1.49146E+03
 3.28245E+03	 1.49438E+03
 3.28440E+03	 1.49032E+03
 3.28635E+03	 1.49246E+03
 3.28829E+03	 1.49114E+03
 3.29024E+03	 1.48596E+03
 3.29219E+03	 1.48942E+03
 3.29413E+03	 1.49126E+03
 3.29608E+03	 1.48712E+03
 3.29803E+03	 1.48766E+03
 3.29997E+03	 1.48880E+03
 3.30191E+03	 1.48658E+03
 3.30386E+03	 1.48682E+03
 3.30580E+03	 1.48990E+03
 3.30774E+03	 1.48820E+03
 3.30969E+03	 1.48622E+03
 3.31163E+03	 1.48856E+03
 3.31357E+03	 1.48416E+03
 3.31551E+03	 1.48626E+03
 3.31745E+03	 1.48650E+03
 3.31939E+03	 1.48836E+03
 3.32133E+03	 1.48678E+03
 3.32327E+03	 1.48688E+03
 3.32520E+03	 1.48700E+03
 3.32714E+03	 1.48470E+03
 3.32908E+03	 1.48502E+03
 3.33102E+03	 1.48810E+03
 3.33295E+03	 1.48522E+03
 3.33489E+03	 1.48656E+03
 3.33682E+03	 1.48842E+03
 3.33876E+03	 1.48450E+03
 3.34069E+03	 1.48556E+03
 3.34262E+03	 1.48320E+03
 3.34456E+03	 1.48764E+03
 3.34649E+03	 1.48406E+03
 3.34842E+03	 1.48438E+03
 3.35035E+03	 1.48386E+03
 3.35228E+03	 1.48290E+03
 3.35421E+03	 1.48376E+03
 3.35614E+03	 1.48086E+03
 3.35807E+03	 1.48264E+03
 3.36000E+03	 1.48432E+03
 3.36193E+03	 1.48518E+03
 3.36386E+03	 1.48106E+03
 3.36578E+03	 1.48082E+03
 3.36771E+03	 1.48142E+03
 3.36964E+03	 1.48298E+03
 3.37156E+03	 1.48112E+03
 3.37349E+03	 1.48360E+03
 3.37541E+03	 1.48106E+03
 3.37734E+03	 1.48198E+03
 3.37926E+03	 1.48242E+03
 3.38118E+03	 1.48192E+03
 3.38311E+03	 1.47906E+03
 3.38503E+03	 1.48134E+03
 3.38695E+03	 1.48226E+03
 3.38887E+03	 1.48266E+03
 3.39079E+03	 1.48346E+03
 3.39271E+03	 1.47732E+03
 3.39463E+03	 1.48148E+03
 3.39655E+03	 1.47862E+03
 3.39847E+03	 1.48196E+03
 3.40039E+03	 1.48172E+03
 3.40231E+03	 1.48304E+03
 3.40422E+03	 1.48246E+03
 3.40614E+03	 1.48042E+03
 3.40806E+03	 1.47760E+03
 3.40997E+03	 1.47838E+03
 3.41189E+03	 1.47998E+03
 3.41380E+03	 1.47822E+03
 3.41571E+03	 1.48194E+03
 3.41763E+03	 1.47848E+03
 3.41954E+03	 1.47852E+03
 3.42145E+03	 1.47994E+03
 3.42337E+03	 1.47774E+03
 3.42528E+03	 1.48012E+03
 3.42719E+03	 1.47970E+03
 3.42910E+03	 1.47632E+03
 3.43101E+03	 1.47768E+03
 3.43292E+03	 1.48072E+03
 3.43483E+03	 1.47832E+03
 3.43674E+03	 1.47646E+03
 3.43864E+03	 1.47828E+03
 3.44055E+03	 1.47410E+03
 3.44246E+03	 1.47736E+03
 3.44437E+03	 1.47446E+03
 3.44627E+03	 1.47842E+03
 3.44818E+03	 1.47634E+03
 3.45008E+03	 1.47598E+03
 3.45199E+03	 1.47522E+03
 3.45389E+03	 1.47408E+03
 3.45579E+03	 1.47708E+03
 3.45770E+03	 1.47212E+03
 3.45960E+03	 1.47390E+03
 3.46150E+03	 1.47570E+03
 3.46340E+03	 1.47276E+03
 3.46530E+03	 1.47272E+03
 3.46721E+03	 1.47156E+03
 3.46911E+03	 1.47144E+03
 3.47101E+03	 1.47176E+03
 3.47290E+03	 1.47034E+03
 3.47480E+03	 1.47020E+03
 3.47670E+03	 1.47052E+03
 3.47860E+03	 1.46864E+03
 3.48050E+03	 1.47038E+03
 3.48239E+03	 1.46954E+03
 3.48429E+03	 1.46936E+03
 3.48618E+03	 1.47272E+03
 3.48808E+03	 1.46968E+03
 3.48997E+03	 1.46906E+03
 3.49187E+03	 1.46840E+03
 3.49376E+03	 1.47182E+03
 3.49565E+03	 1.47048E+03
 3.49755E+03	 1.47146E+03
 3.49944E+03	 1.47020E+03
 3.50133E+03	 1.46794E+03
 3.50322E+03	 1.46990E+03
 3.50511E+03	 1.46982E+03
 3.50700E+03	 1.46982E+03
 3.50889E+03	 1.46972E+03
 3.51078E+03	 1.46670E+03
 3.51267E+03	 1.46880E+03
 3.51456E+03	 1.46704E+03
 3.51645E+03	 1.46918E+03
 3.51833E+03	 1.46786E+03
 3.52022E+03	 1.46924E+03
 3.52211E+03	 1.46848E+03
 3.52399E+03	 1.46974E+03
 3.52588E+03	 1.47032E+03
 3.52776E+03	 1.46684E+03
 3.52965E+03	 1.46752E+03
 3.53153E+03	 1.46574E+03
 3.53341E+03	 1.46880E+03
 3.53530E+03	 1.46658E+03
 3.53718E+03	 1.46558E+03
 3.53906E+03	 1.46434E+03
 3.54094E+03	 1.46506E+03
 3.54282E+03	 1.46754E+03
 3.54470E+03	 1.46652E+03
 3.54658E+03	 1.46726E+03
 3.54846E+03	 1.46698E+03
 3.55034E+03	 1.46440E+03
 3.55222E+03	 1.46132E+03
 3.55410E+03	 1.46740E+03
 3.55598E+03	 1.46744E+03
 3.55785E+03	 1.46744E+03
 3.55973E+03	 1.46560E+03
 3.56161E+03	 1.46264E+03
 3.56348E+03	 1.46578E+03
 3.56536E+03	 1.46556E+03
 3.56723E+03	 1.46594E+03
 3.56910E+03	 1.46546E+03
 3.57098E+03	 1.46476E+03
 3.57285E+03	 1.46332E+03
 3.57472E+03	 1.46264E+03
 3.57660E+03	 1.46348E+03
 3.57847E+03	 1.46178E+03
 3.58034E+03	 1.46516E+03
 3.58221E+03	 1.46328E+03
 3.58408E+03	 1.46238E+03
 3.58595E+03	 1.46136E+03
 3.58782E+03	 1.46396E+03
 3.58969E+03	 1.46414E+03
 3.59156E+03	 1.46044E+03
 3.59342E+03	 1.46336E+03
 3.59529E+03	 1.46210E+03
 3.59716E+03	 1.46242E+03
 3.59902E+03	 1.46426E+03
 3.60089E+03	 1.46008E+03
 3.60275E+03	 1.46342E+03
 3.60462E+03	 1.46096E+03
 3.60648E+03	 1.46060E+03
 3.60835E+03	 1.45784E+03
 3.61021E+03	 1.46098E+03
 3.61207E+03	 1.45602E+03
 3.61394E+03	 1.45922E+03
 3.61580E+03	 1.45800E+03
 3.61766E+03	 1.45908E+03
 3.61952E+03	 1.45862E+03
 3.62138E+03	 1.45930E+03
 3.62324E+03	 1.46134E+03
 3.62510E+03	 1.45834E+03
 3.62696E+03	 1.45928E+03
 3.62882E+03	 1.45700E+03
 3.63068E+03	 1.45778E+03
 3.63254E+03	 1.45512E+03
 3.63439E+03	 1.45842E+03
 3.63625E+03	 1.45890E+03
 3.63811E+03	 1.45416E+03
 3.63996E+03	 1.45504E+03
 3.64182E+03	 1.45458E+03
 3.64367E+03	 1.45556E+03
 3.64553E+03	 1.45500E+03
 3.64738E+03	 1.45676E+03
 3.64923E+03	 1.45910E+03
 3.65109E+03	 1.45588E+03
 3.65294E+03	 1.45630E+03
 3.65479E+03	 1.45768E+03
 3.65664E+03	 1.45842E+03
 3.65849E+03	 1.45596E+03
 3.66034E+03	 1.45784E+03
 3.66219E+03	 1.45682E+03
 3.66404E+03	 1.45628E+03
 3.66589E+03	 1.45570E+03
 3.66774E+03	 1.45394E+03
 3.66959E+03	 1.45660E+03
 3.67144E+03	 1.45438E+03
 3.67328E+03	 1.45188E+03
 3.67513E+03	 1.45270E+03
 3.67698E+03	 1.45362E+03
 3.67882E+03	 1.45224E+03
 3.68067E+03	 1.45502E+03
 3.68251E+03	 1.45506E+03
 3.68436E+03	 1.45452E+03
 3.68620E+03	 1.45280E+03
 3.68804E+03	 1.45136E+03
 3.68989E+03	 1.45236E+03
 3.69173E+03	 1.45662E+03
 3.69357E+03	 1.44952E+03
 3.69541E+03	 1.45422E+03
 3.69725E+03	 1.45078E+03
 3.69909E+03	 1.44978E+03
 3.70093E+03	 1.45054E+03
 3.70277E+03	 1.45388E+03
 3.70461E+03	 1.45382E+03
 3.70645E+03	 1.45208E+03
 3.70829E+03	 1.45248E+03
 3.71013E+03	 1.45114E+03
 3.71197E+03	 1.45222E+03
 3.71380E+03	 1.45066E+03
 3.71564E+03	 1.44976E+03
 3.71747E+03	 1.45168E+03
 3.71931E+03	 1.45500E+03
 3.72115E+03	 1.45056E+03
 3.72298E+03	 1.44856E+03
 3.72481E+03	 1.44922E+03
 3.72665E+03	 1.44928E+03
 3.72848E+03	 1.44896E+03
 3.73031E+03	 1.44864E+03
 3.73214E+03	 1.44962E+03
