//Exported ASCII-File
[Header]
FileName = D:\User\JN 25\JN25045\Alex Leide annealing\REFEL Ne 300 2,5dpa\REFEL Ne 300 2,5dpa anneal.wip
GraphName = REFEL Ne 300 2,5dpa-1100S--Spectrum--032--Spec.Data 1
SizeX = 1
SizeY = 1
SizeGraph = 1600
PositionUnit = µm
PositionX = 5691.30000002328
PositionY = 10021.5000000233
PositionZ = 9.33
XAxisUnit = rel. 1/cm
DataUnit = CCD cts

[Data]
X-Axis	REFEL Ne 300 2,5dpa-1100S--Spectrum--032--Spec.Data 1
 2.65845E+01	 1.34672E+03
 2.95325E+01	 1.34790E+03
 3.24795E+01	 1.34712E+03
 3.54254E+01	 1.34680E+03
 3.83703E+01	 1.34704E+03
 4.13142E+01	 1.34662E+03
 4.42570E+01	 1.34692E+03
 4.71989E+01	 1.34688E+03
 5.01397E+01	 1.34618E+03
 5.30795E+01	 1.34710E+03
 5.60182E+01	 1.34748E+03
 5.89559E+01	 1.34944E+03
 6.18927E+01	 1.35354E+03
 6.48283E+01	 1.36342E+03
 6.77630E+01	 1.37874E+03
 7.06967E+01	 1.39206E+03
 7.36293E+01	 1.40328E+03
 7.65609E+01	 1.40816E+03
 7.94915E+01	 1.41288E+03
 8.24211E+01	 1.41186E+03
 8.53496E+01	 1.41260E+03
 8.82771E+01	 1.41368E+03
 9.12037E+01	 1.41412E+03
 9.41292E+01	 1.41236E+03
 9.70536E+01	 1.41858E+03
 9.99771E+01	 1.41704E+03
 1.02900E+02	 1.41890E+03
 1.05821E+02	 1.41572E+03
 1.08741E+02	 1.42038E+03
 1.11661E+02	 1.41728E+03
 1.14579E+02	 1.41988E+03
 1.17497E+02	 1.41980E+03
 1.20413E+02	 1.41974E+03
 1.23328E+02	 1.41912E+03
 1.26243E+02	 1.42438E+03
 1.29156E+02	 1.42452E+03
 1.32068E+02	 1.42606E+03
 1.34980E+02	 1.42832E+03
 1.37890E+02	 1.43130E+03
 1.40799E+02	 1.42928E+03
 1.43708E+02	 1.42906E+03
 1.46615E+02	 1.43586E+03
 1.49521E+02	 1.42852E+03
 1.52427E+02	 1.43256E+03
 1.55331E+02	 1.43170E+03
 1.58234E+02	 1.43352E+03
 1.61137E+02	 1.43344E+03
 1.64038E+02	 1.43340E+03
 1.66938E+02	 1.43572E+03
 1.69837E+02	 1.43582E+03
 1.72736E+02	 1.43598E+03
 1.75633E+02	 1.44060E+03
 1.78529E+02	 1.44000E+03
 1.81425E+02	 1.43670E+03
 1.84319E+02	 1.43808E+03
 1.87212E+02	 1.44096E+03
 1.90105E+02	 1.44150E+03
 1.92996E+02	 1.43726E+03
 1.95886E+02	 1.43838E+03
 1.98775E+02	 1.43780E+03
 2.01664E+02	 1.43792E+03
 2.04551E+02	 1.43912E+03
 2.07437E+02	 1.43996E+03
 2.10323E+02	 1.43928E+03
 2.13207E+02	 1.43668E+03
 2.16090E+02	 1.43782E+03
 2.18973E+02	 1.43532E+03
 2.21854E+02	 1.43748E+03
 2.24735E+02	 1.43764E+03
 2.27614E+02	 1.43416E+03
 2.30492E+02	 1.43428E+03
 2.33370E+02	 1.43636E+03
 2.36246E+02	 1.43506E+03
 2.39122E+02	 1.43422E+03
 2.41996E+02	 1.43052E+03
 2.44870E+02	 1.43184E+03
 2.47742E+02	 1.43170E+03
 2.50614E+02	 1.42980E+03
 2.53484E+02	 1.43148E+03
 2.56354E+02	 1.43198E+03
 2.59222E+02	 1.43112E+03
 2.62090E+02	 1.43064E+03
 2.64956E+02	 1.43114E+03
 2.67822E+02	 1.43246E+03
 2.70687E+02	 1.43028E+03
 2.73550E+02	 1.42940E+03
 2.76413E+02	 1.42836E+03
 2.79275E+02	 1.42874E+03
 2.82135E+02	 1.42692E+03
 2.84995E+02	 1.42914E+03
 2.87854E+02	 1.42808E+03
 2.90711E+02	 1.42872E+03
 2.93568E+02	 1.42658E+03
 2.96424E+02	 1.42666E+03
 2.99279E+02	 1.42444E+03
 3.02133E+02	 1.42498E+03
 3.04986E+02	 1.42862E+03
 3.07838E+02	 1.42426E+03
 3.10689E+02	 1.42788E+03
 3.13538E+02	 1.42708E+03
 3.16387E+02	 1.42448E+03
 3.19236E+02	 1.42786E+03
 3.22083E+02	 1.42524E+03
 3.24929E+02	 1.42406E+03
 3.27774E+02	 1.42270E+03
 3.30618E+02	 1.42198E+03
 3.33461E+02	 1.42436E+03
 3.36303E+02	 1.42616E+03
 3.39145E+02	 1.42392E+03
 3.41985E+02	 1.42582E+03
 3.44824E+02	 1.42470E+03
 3.47663E+02	 1.42374E+03
 3.50500E+02	 1.42420E+03
 3.53336E+02	 1.42504E+03
 3.56172E+02	 1.42338E+03
 3.59006E+02	 1.42214E+03
 3.61840E+02	 1.42388E+03
 3.64672E+02	 1.42646E+03
 3.67504E+02	 1.42404E+03
 3.70335E+02	 1.42326E+03
 3.73164E+02	 1.42220E+03
 3.75993E+02	 1.42414E+03
 3.78821E+02	 1.42460E+03
 3.81648E+02	 1.42508E+03
 3.84473E+02	 1.42184E+03
 3.87298E+02	 1.42224E+03
 3.90122E+02	 1.42326E+03
 3.92945E+02	 1.42292E+03
 3.95767E+02	 1.42468E+03
 3.98588E+02	 1.42364E+03
 4.01408E+02	 1.42456E+03
 4.04227E+02	 1.42442E+03
 4.07046E+02	 1.42298E+03
 4.09863E+02	 1.42342E+03
 4.12679E+02	 1.42130E+03
 4.15494E+02	 1.42474E+03
 4.18309E+02	 1.42378E+03
 4.21122E+02	 1.42156E+03
 4.23935E+02	 1.42138E+03
 4.26746E+02	 1.42096E+03
 4.29557E+02	 1.42480E+03
 4.32366E+02	 1.42126E+03
 4.35175E+02	 1.42310E+03
 4.37983E+02	 1.42404E+03
 4.40790E+02	 1.42330E+03
 4.43595E+02	 1.42480E+03
 4.46400E+02	 1.42470E+03
 4.49204E+02	 1.41980E+03
 4.52007E+02	 1.42392E+03
 4.54809E+02	 1.42204E+03
 4.57610E+02	 1.42220E+03
 4.60410E+02	 1.42130E+03
 4.63210E+02	 1.42556E+03
 4.66008E+02	 1.42330E+03
 4.68805E+02	 1.42014E+03
 4.71602E+02	 1.42444E+03
 4.74397E+02	 1.42642E+03
 4.77192E+02	 1.42594E+03
 4.79985E+02	 1.42396E+03
 4.82778E+02	 1.42454E+03
 4.85569E+02	 1.42750E+03
 4.88360E+02	 1.42780E+03
 4.91150E+02	 1.42560E+03
 4.93939E+02	 1.43032E+03
 4.96727E+02	 1.43186E+03
 4.99514E+02	 1.43314E+03
 5.02300E+02	 1.43058E+03
 5.05085E+02	 1.43304E+03
 5.07869E+02	 1.43002E+03
 5.10652E+02	 1.43228E+03
 5.13435E+02	 1.42996E+03
 5.16216E+02	 1.43356E+03
 5.18996E+02	 1.43260E+03
 5.21776E+02	 1.43292E+03
 5.24554E+02	 1.43258E+03
 5.27332E+02	 1.43434E+03
 5.30109E+02	 1.43284E+03
 5.32885E+02	 1.43378E+03
 5.35659E+02	 1.43064E+03
 5.38433E+02	 1.43224E+03
 5.41206E+02	 1.43190E+03
 5.43978E+02	 1.43030E+03
 5.46750E+02	 1.43010E+03
 5.49520E+02	 1.43090E+03
 5.52289E+02	 1.42814E+03
 5.55057E+02	 1.42824E+03
 5.57825E+02	 1.42622E+03
 5.60591E+02	 1.42512E+03
 5.63357E+02	 1.42554E+03
 5.66122E+02	 1.42234E+03
 5.68885E+02	 1.42522E+03
 5.71648E+02	 1.42228E+03
 5.74410E+02	 1.42218E+03
 5.77171E+02	 1.42106E+03
 5.79931E+02	 1.41622E+03
 5.82690E+02	 1.41752E+03
 5.85448E+02	 1.41794E+03
 5.88206E+02	 1.41768E+03
 5.90962E+02	 1.41726E+03
 5.93717E+02	 1.41762E+03
 5.96472E+02	 1.41210E+03
 5.99225E+02	 1.41352E+03
 6.01978E+02	 1.41334E+03
 6.04730E+02	 1.41342E+03
 6.07481E+02	 1.41474E+03
 6.10231E+02	 1.41226E+03
 6.12980E+02	 1.41284E+03
 6.15728E+02	 1.40956E+03
 6.18475E+02	 1.41020E+03
 6.21221E+02	 1.41032E+03
 6.23967E+02	 1.40946E+03
 6.26711E+02	 1.40992E+03
 6.29454E+02	 1.41376E+03
 6.32197E+02	 1.41294E+03
 6.34939E+02	 1.41072E+03
 6.37680E+02	 1.41288E+03
 6.40419E+02	 1.41288E+03
 6.43158E+02	 1.41404E+03
 6.45896E+02	 1.41592E+03
 6.48634E+02	 1.41560E+03
 6.51370E+02	 1.41542E+03
 6.54105E+02	 1.41574E+03
 6.56840E+02	 1.41382E+03
 6.59573E+02	 1.41352E+03
 6.62306E+02	 1.41036E+03
 6.65037E+02	 1.41296E+03
 6.67768E+02	 1.40982E+03
 6.70498E+02	 1.41144E+03
 6.73227E+02	 1.41158E+03
 6.75955E+02	 1.41228E+03
 6.78682E+02	 1.41332E+03
 6.81409E+02	 1.41164E+03
 6.84134E+02	 1.41148E+03
 6.86858E+02	 1.41292E+03
 6.89582E+02	 1.41364E+03
 6.92305E+02	 1.41378E+03
 6.95026E+02	 1.41600E+03
 6.97747E+02	 1.41694E+03
 7.00467E+02	 1.41616E+03
 7.03186E+02	 1.41786E+03
 7.05905E+02	 1.41728E+03
 7.08622E+02	 1.41858E+03
 7.11338E+02	 1.41724E+03
 7.14054E+02	 1.42032E+03
 7.16768E+02	 1.41990E+03
 7.19482E+02	 1.42180E+03
 7.22195E+02	 1.42178E+03
 7.24907E+02	 1.42470E+03
 7.27618E+02	 1.42586E+03
 7.30328E+02	 1.42638E+03
 7.33037E+02	 1.42726E+03
 7.35745E+02	 1.42850E+03
 7.38453E+02	 1.43076E+03
 7.41159E+02	 1.43472E+03
 7.43865E+02	 1.43064E+03
 7.46569E+02	 1.43588E+03
 7.49273E+02	 1.43622E+03
 7.51976E+02	 1.43548E+03
 7.54678E+02	 1.43870E+03
 7.57379E+02	 1.44306E+03
 7.60080E+02	 1.44768E+03
 7.62779E+02	 1.44530E+03
 7.65478E+02	 1.44886E+03
 7.68175E+02	 1.44948E+03
 7.70872E+02	 1.44766E+03
 7.73568E+02	 1.44584E+03
 7.76263E+02	 1.44450E+03
 7.78957E+02	 1.43992E+03
 7.81650E+02	 1.43550E+03
 7.84342E+02	 1.43596E+03
 7.87034E+02	 1.42884E+03
 7.89724E+02	 1.43002E+03
 7.92414E+02	 1.42454E+03
 7.95103E+02	 1.42224E+03
 7.97791E+02	 1.42276E+03
 8.00478E+02	 1.42044E+03
 8.03164E+02	 1.42102E+03
 8.05849E+02	 1.41816E+03
 8.08533E+02	 1.41748E+03
 8.11217E+02	 1.41772E+03
 8.13899E+02	 1.41792E+03
 8.16581E+02	 1.41932E+03
 8.19262E+02	 1.41896E+03
 8.21942E+02	 1.41764E+03
 8.24621E+02	 1.41870E+03
 8.27299E+02	 1.41832E+03
 8.29977E+02	 1.41874E+03
 8.32653E+02	 1.42104E+03
 8.35329E+02	 1.41942E+03
 8.38003E+02	 1.41820E+03
 8.40677E+02	 1.42238E+03
 8.43350E+02	 1.41694E+03
 8.46022E+02	 1.42182E+03
 8.48693E+02	 1.42082E+03
 8.51364E+02	 1.41846E+03
 8.54033E+02	 1.42098E+03
 8.56702E+02	 1.42152E+03
 8.59370E+02	 1.42124E+03
 8.62036E+02	 1.42094E+03
 8.64702E+02	 1.42058E+03
 8.67367E+02	 1.42010E+03
 8.70032E+02	 1.42240E+03
 8.72695E+02	 1.41956E+03
 8.75358E+02	 1.41954E+03
 8.78019E+02	 1.41918E+03
 8.80680E+02	 1.42006E+03
 8.83340E+02	 1.41730E+03
 8.85999E+02	 1.41906E+03
 8.88657E+02	 1.41996E+03
 8.91314E+02	 1.41800E+03
 8.93971E+02	 1.42040E+03
 8.96626E+02	 1.42264E+03
 8.99281E+02	 1.41930E+03
 9.01935E+02	 1.41932E+03
 9.04588E+02	 1.42022E+03
 9.07240E+02	 1.42196E+03
 9.09891E+02	 1.42026E+03
 9.12541E+02	 1.41984E+03
 9.15191E+02	 1.41876E+03
 9.17840E+02	 1.42000E+03
 9.20487E+02	 1.42052E+03
 9.23134E+02	 1.41856E+03
 9.25780E+02	 1.41572E+03
 9.28426E+02	 1.41548E+03
 9.31070E+02	 1.41528E+03
 9.33714E+02	 1.41318E+03
 9.36356E+02	 1.41324E+03
 9.38998E+02	 1.41236E+03
 9.41639E+02	 1.41370E+03
 9.44279E+02	 1.40976E+03
 9.46918E+02	 1.41056E+03
 9.49557E+02	 1.41142E+03
 9.52194E+02	 1.41062E+03
 9.54831E+02	 1.40880E+03
 9.57466E+02	 1.40596E+03
 9.60101E+02	 1.40650E+03
 9.62735E+02	 1.40758E+03
 9.65369E+02	 1.40984E+03
 9.68001E+02	 1.40572E+03
 9.70633E+02	 1.40594E+03
 9.73263E+02	 1.40480E+03
 9.75893E+02	 1.40658E+03
 9.78522E+02	 1.40784E+03
 9.81150E+02	 1.40814E+03
 9.83777E+02	 1.40408E+03
 9.86404E+02	 1.40640E+03
 9.89029E+02	 1.40566E+03
 9.91654E+02	 1.40646E+03
 9.94278E+02	 1.40410E+03
 9.96901E+02	 1.40680E+03
 9.99523E+02	 1.40868E+03
 1.00214E+03	 1.40686E+03
 1.00477E+03	 1.40700E+03
 1.00738E+03	 1.40672E+03
 1.01000E+03	 1.40774E+03
 1.01262E+03	 1.40526E+03
 1.01524E+03	 1.40798E+03
 1.01785E+03	 1.40732E+03
 1.02047E+03	 1.40992E+03
 1.02308E+03	 1.40850E+03
 1.02570E+03	 1.40666E+03
 1.02831E+03	 1.40690E+03
 1.03092E+03	 1.40820E+03
 1.03353E+03	 1.40724E+03
 1.03614E+03	 1.40722E+03
 1.03875E+03	 1.40520E+03
 1.04136E+03	 1.40702E+03
 1.04397E+03	 1.40752E+03
 1.04658E+03	 1.41026E+03
 1.04918E+03	 1.40786E+03
 1.05179E+03	 1.40646E+03
 1.05439E+03	 1.40706E+03
 1.05700E+03	 1.40700E+03
 1.05960E+03	 1.40704E+03
 1.06220E+03	 1.40802E+03
 1.06480E+03	 1.40760E+03
 1.06740E+03	 1.40776E+03
 1.07000E+03	 1.40836E+03
 1.07260E+03	 1.40882E+03
 1.07520E+03	 1.40714E+03
 1.07780E+03	 1.40770E+03
 1.08039E+03	 1.40806E+03
 1.08299E+03	 1.40652E+03
 1.08558E+03	 1.40764E+03
 1.08818E+03	 1.40582E+03
 1.09077E+03	 1.40888E+03
 1.09336E+03	 1.40680E+03
 1.09595E+03	 1.40862E+03
 1.09854E+03	 1.40918E+03
 1.10113E+03	 1.40970E+03
 1.10372E+03	 1.40856E+03
 1.10631E+03	 1.40668E+03
 1.10890E+03	 1.40504E+03
 1.11148E+03	 1.40774E+03
 1.11407E+03	 1.40792E+03
 1.11665E+03	 1.41162E+03
 1.11924E+03	 1.40702E+03
 1.12182E+03	 1.40806E+03
 1.12440E+03	 1.40858E+03
 1.12698E+03	 1.40602E+03
 1.12956E+03	 1.41166E+03
 1.13214E+03	 1.40800E+03
 1.13472E+03	 1.40876E+03
 1.13730E+03	 1.40602E+03
 1.13987E+03	 1.40970E+03
 1.14245E+03	 1.40840E+03
 1.14503E+03	 1.40830E+03
 1.14760E+03	 1.41142E+03
 1.15017E+03	 1.40868E+03
 1.15275E+03	 1.40596E+03
 1.15532E+03	 1.40866E+03
 1.15789E+03	 1.40984E+03
 1.16046E+03	 1.41006E+03
 1.16303E+03	 1.40732E+03
 1.16560E+03	 1.40814E+03
 1.16817E+03	 1.41010E+03
 1.17074E+03	 1.40924E+03
 1.17330E+03	 1.40848E+03
 1.17587E+03	 1.40960E+03
 1.17843E+03	 1.40978E+03
 1.18100E+03	 1.41178E+03
 1.18356E+03	 1.40910E+03
 1.18612E+03	 1.40910E+03
 1.18868E+03	 1.40706E+03
 1.19124E+03	 1.40960E+03
 1.19380E+03	 1.40822E+03
 1.19636E+03	 1.41060E+03
 1.19892E+03	 1.40818E+03
 1.20148E+03	 1.40938E+03
 1.20404E+03	 1.40874E+03
 1.20659E+03	 1.40912E+03
 1.20915E+03	 1.40956E+03
 1.21170E+03	 1.40872E+03
 1.21425E+03	 1.41174E+03
 1.21681E+03	 1.40926E+03
 1.21936E+03	 1.40974E+03
 1.22191E+03	 1.40980E+03
 1.22446E+03	 1.40932E+03
 1.22701E+03	 1.40942E+03
 1.22956E+03	 1.40844E+03
 1.23210E+03	 1.40924E+03
 1.23465E+03	 1.40834E+03
 1.23720E+03	 1.40926E+03
 1.23974E+03	 1.40838E+03
 1.24229E+03	 1.40682E+03
 1.24483E+03	 1.41048E+03
 1.24737E+03	 1.40912E+03
 1.24992E+03	 1.40870E+03
 1.25246E+03	 1.40838E+03
 1.25500E+03	 1.40948E+03
 1.25754E+03	 1.40838E+03
 1.26008E+03	 1.40896E+03
 1.26261E+03	 1.40928E+03
 1.26515E+03	 1.40964E+03
 1.26769E+03	 1.40848E+03
 1.27022E+03	 1.40922E+03
 1.27276E+03	 1.40800E+03
 1.27529E+03	 1.41276E+03
 1.27783E+03	 1.40912E+03
 1.28036E+03	 1.40896E+03
 1.28289E+03	 1.41140E+03
 1.28542E+03	 1.40836E+03
 1.28795E+03	 1.40874E+03
 1.29048E+03	 1.40842E+03
 1.29301E+03	 1.41012E+03
 1.29554E+03	 1.40954E+03
 1.29806E+03	 1.40846E+03
 1.30059E+03	 1.40838E+03
 1.30311E+03	 1.40894E+03
 1.30564E+03	 1.40912E+03
 1.30816E+03	 1.40800E+03
 1.31069E+03	 1.41042E+03
 1.31321E+03	 1.40920E+03
 1.31573E+03	 1.41206E+03
 1.31825E+03	 1.40994E+03
 1.32077E+03	 1.40794E+03
 1.32329E+03	 1.40862E+03
 1.32581E+03	 1.40906E+03
 1.32832E+03	 1.41026E+03
 1.33084E+03	 1.41040E+03
 1.33336E+03	 1.41102E+03
 1.33587E+03	 1.41278E+03
 1.33838E+03	 1.41044E+03
 1.34090E+03	 1.41208E+03
 1.34341E+03	 1.41144E+03
 1.34592E+03	 1.41104E+03
 1.34843E+03	 1.41056E+03
 1.35094E+03	 1.41126E+03
 1.35345E+03	 1.41336E+03
 1.35596E+03	 1.41160E+03
 1.35847E+03	 1.41190E+03
 1.36098E+03	 1.41212E+03
 1.36348E+03	 1.40876E+03
 1.36599E+03	 1.41000E+03
 1.36849E+03	 1.41416E+03
 1.37100E+03	 1.41340E+03
 1.37350E+03	 1.41246E+03
 1.37600E+03	 1.41122E+03
 1.37850E+03	 1.41454E+03
 1.38100E+03	 1.40750E+03
 1.38350E+03	 1.41384E+03
 1.38600E+03	 1.41234E+03
 1.38850E+03	 1.41102E+03
 1.39100E+03	 1.41194E+03
 1.39350E+03	 1.41256E+03
 1.39599E+03	 1.41098E+03
 1.39849E+03	 1.41220E+03
 1.40098E+03	 1.41302E+03
 1.40348E+03	 1.40972E+03
 1.40597E+03	 1.41214E+03
 1.40846E+03	 1.41300E+03
 1.41095E+03	 1.41286E+03
 1.41344E+03	 1.41194E+03
 1.41593E+03	 1.41490E+03
 1.41842E+03	 1.41216E+03
 1.42091E+03	 1.41204E+03
 1.42340E+03	 1.41352E+03
 1.42588E+03	 1.41164E+03
 1.42837E+03	 1.41052E+03
 1.43086E+03	 1.41462E+03
 1.43334E+03	 1.41454E+03
 1.43582E+03	 1.41416E+03
 1.43831E+03	 1.41442E+03
 1.44079E+03	 1.41290E+03
 1.44327E+03	 1.41258E+03
 1.44575E+03	 1.41462E+03
 1.44823E+03	 1.41408E+03
 1.45071E+03	 1.41168E+03
 1.45319E+03	 1.41512E+03
 1.45566E+03	 1.41508E+03
 1.45814E+03	 1.41506E+03
 1.46062E+03	 1.41518E+03
 1.46309E+03	 1.41584E+03
 1.46557E+03	 1.41330E+03
 1.46804E+03	 1.41446E+03
 1.47051E+03	 1.41294E+03
 1.47298E+03	 1.41200E+03
 1.47546E+03	 1.41444E+03
 1.47793E+03	 1.41520E+03
 1.48040E+03	 1.41446E+03
 1.48286E+03	 1.41126E+03
 1.48533E+03	 1.41370E+03
 1.48780E+03	 1.41586E+03
 1.49027E+03	 1.41452E+03
 1.49273E+03	 1.41276E+03
 1.49520E+03	 1.41386E+03
 1.49766E+03	 1.41368E+03
 1.50013E+03	 1.41464E+03
 1.50259E+03	 1.41394E+03
 1.50505E+03	 1.41330E+03
 1.50751E+03	 1.41306E+03
 1.50997E+03	 1.41438E+03
 1.51243E+03	 1.41308E+03
 1.51489E+03	 1.41294E+03
 1.51735E+03	 1.41094E+03
 1.51981E+03	 1.41458E+03
 1.52226E+03	 1.41300E+03
 1.52472E+03	 1.41298E+03
 1.52718E+03	 1.41648E+03
 1.52963E+03	 1.41252E+03
 1.53208E+03	 1.41340E+03
 1.53454E+03	 1.41416E+03
 1.53699E+03	 1.41558E+03
 1.53944E+03	 1.41568E+03
 1.54189E+03	 1.41692E+03
 1.54434E+03	 1.41520E+03
 1.54679E+03	 1.41558E+03
 1.54924E+03	 1.41732E+03
 1.55169E+03	 1.41856E+03
 1.55413E+03	 1.41434E+03
 1.55658E+03	 1.41586E+03
 1.55902E+03	 1.41546E+03
 1.56147E+03	 1.41766E+03
 1.56391E+03	 1.41536E+03
 1.56636E+03	 1.41870E+03
 1.56880E+03	 1.41642E+03
 1.57124E+03	 1.41880E+03
 1.57368E+03	 1.41734E+03
 1.57612E+03	 1.41676E+03
 1.57856E+03	 1.41606E+03
 1.58100E+03	 1.41842E+03
 1.58344E+03	 1.41716E+03
 1.58587E+03	 1.41828E+03
 1.58831E+03	 1.41848E+03
 1.59074E+03	 1.41872E+03
 1.59318E+03	 1.41554E+03
 1.59561E+03	 1.41478E+03
 1.59805E+03	 1.41534E+03
 1.60048E+03	 1.41564E+03
 1.60291E+03	 1.41576E+03
 1.60534E+03	 1.41596E+03
 1.60777E+03	 1.41508E+03
 1.61020E+03	 1.41674E+03
 1.61263E+03	 1.41592E+03
 1.61506E+03	 1.41670E+03
 1.61749E+03	 1.41458E+03
 1.61991E+03	 1.41450E+03
 1.62234E+03	 1.41728E+03
 1.62476E+03	 1.41608E+03
 1.62719E+03	 1.41840E+03
 1.62961E+03	 1.41572E+03
 1.63203E+03	 1.41536E+03
 1.63446E+03	 1.41766E+03
 1.63688E+03	 1.41446E+03
 1.63930E+03	 1.41628E+03
 1.64172E+03	 1.41594E+03
 1.64414E+03	 1.41638E+03
 1.64656E+03	 1.41780E+03
 1.64897E+03	 1.41920E+03
 1.65139E+03	 1.41676E+03
 1.65381E+03	 1.41838E+03
 1.65622E+03	 1.41824E+03
 1.65864E+03	 1.41760E+03
 1.66105E+03	 1.41708E+03
 1.66346E+03	 1.42004E+03
 1.66588E+03	 1.41946E+03
 1.66829E+03	 1.41894E+03
 1.67070E+03	 1.41726E+03
 1.67311E+03	 1.42094E+03
 1.67552E+03	 1.41978E+03
 1.67793E+03	 1.42016E+03
 1.68034E+03	 1.41946E+03
 1.68274E+03	 1.41744E+03
 1.68515E+03	 1.41830E+03
 1.68756E+03	 1.41896E+03
 1.68996E+03	 1.42290E+03
 1.69236E+03	 1.41932E+03
 1.69477E+03	 1.41994E+03
 1.69717E+03	 1.42208E+03
 1.69957E+03	 1.41802E+03
 1.70197E+03	 1.42132E+03
 1.70438E+03	 1.42038E+03
 1.70678E+03	 1.42394E+03
 1.70917E+03	 1.42072E+03
 1.71157E+03	 1.42024E+03
 1.71397E+03	 1.42184E+03
 1.71637E+03	 1.42176E+03
 1.71876E+03	 1.42040E+03
 1.72116E+03	 1.41940E+03
 1.72355E+03	 1.42046E+03
 1.72595E+03	 1.41920E+03
 1.72834E+03	 1.42144E+03
 1.73073E+03	 1.41990E+03
 1.73313E+03	 1.41916E+03
 1.73552E+03	 1.41900E+03
 1.73791E+03	 1.41986E+03
 1.74030E+03	 1.41734E+03
 1.74269E+03	 1.41818E+03
 1.74507E+03	 1.41840E+03
 1.74746E+03	 1.42066E+03
 1.74985E+03	 1.42194E+03
 1.75224E+03	 1.42270E+03
 1.75462E+03	 1.41892E+03
 1.75701E+03	 1.42504E+03
 1.75939E+03	 1.42092E+03
 1.76177E+03	 1.42242E+03
 1.76415E+03	 1.42218E+03
 1.76654E+03	 1.42092E+03
 1.76892E+03	 1.42294E+03
 1.77130E+03	 1.42056E+03
 1.77368E+03	 1.41942E+03
 1.77606E+03	 1.42170E+03
 1.77843E+03	 1.42076E+03
 1.78081E+03	 1.42240E+03
 1.78319E+03	 1.42126E+03
 1.78556E+03	 1.42216E+03
 1.78794E+03	 1.42330E+03
 1.79031E+03	 1.42260E+03
 1.79269E+03	 1.42276E+03
 1.79506E+03	 1.42100E+03
 1.79743E+03	 1.42336E+03
 1.79981E+03	 1.42188E+03
 1.80218E+03	 1.42322E+03
 1.80455E+03	 1.42342E+03
 1.80692E+03	 1.42448E+03
 1.80928E+03	 1.42140E+03
 1.81165E+03	 1.42394E+03
 1.81402E+03	 1.42246E+03
 1.81639E+03	 1.42128E+03
 1.81875E+03	 1.42464E+03
 1.82112E+03	 1.42482E+03
 1.82348E+03	 1.42096E+03
 1.82585E+03	 1.42194E+03
 1.82821E+03	 1.42436E+03
 1.83057E+03	 1.42192E+03
 1.83293E+03	 1.42454E+03
 1.83529E+03	 1.42022E+03
 1.83765E+03	 1.42528E+03
 1.84001E+03	 1.42344E+03
 1.84237E+03	 1.42302E+03
 1.84473E+03	 1.42428E+03
 1.84709E+03	 1.42258E+03
 1.84944E+03	 1.42202E+03
 1.85180E+03	 1.42332E+03
 1.85416E+03	 1.42650E+03
 1.85651E+03	 1.42598E+03
 1.85886E+03	 1.42416E+03
 1.86122E+03	 1.42434E+03
 1.86357E+03	 1.42384E+03
 1.86592E+03	 1.42460E+03
 1.86827E+03	 1.42630E+03
 1.87062E+03	 1.42128E+03
 1.87297E+03	 1.42556E+03
 1.87532E+03	 1.42354E+03
 1.87767E+03	 1.42752E+03
 1.88002E+03	 1.42496E+03
 1.88236E+03	 1.42808E+03
 1.88471E+03	 1.42730E+03
 1.88705E+03	 1.42834E+03
 1.88940E+03	 1.42640E+03
 1.89174E+03	 1.42792E+03
 1.89409E+03	 1.42528E+03
 1.89643E+03	 1.42710E+03
 1.89877E+03	 1.42782E+03
 1.90111E+03	 1.43104E+03
 1.90345E+03	 1.43076E+03
 1.90579E+03	 1.42684E+03
 1.90813E+03	 1.42830E+03
 1.91047E+03	 1.42836E+03
 1.91281E+03	 1.42686E+03
 1.91514E+03	 1.43008E+03
 1.91748E+03	 1.42930E+03
 1.91981E+03	 1.42740E+03
 1.92215E+03	 1.42984E+03
 1.92448E+03	 1.42856E+03
 1.92682E+03	 1.42928E+03
 1.92915E+03	 1.42612E+03
 1.93148E+03	 1.42658E+03
 1.93381E+03	 1.42956E+03
 1.93614E+03	 1.42814E+03
 1.93847E+03	 1.42940E+03
 1.94080E+03	 1.43112E+03
 1.94313E+03	 1.42984E+03
 1.94546E+03	 1.42786E+03
 1.94778E+03	 1.42998E+03
 1.95011E+03	 1.42776E+03
 1.95244E+03	 1.42906E+03
 1.95476E+03	 1.42988E+03
 1.95709E+03	 1.42660E+03
 1.95941E+03	 1.42792E+03
 1.96173E+03	 1.42750E+03
 1.96405E+03	 1.42852E+03
 1.96638E+03	 1.42900E+03
 1.96870E+03	 1.42772E+03
 1.97102E+03	 1.42870E+03
 1.97334E+03	 1.42662E+03
 1.97566E+03	 1.42724E+03
 1.97797E+03	 1.43042E+03
 1.98029E+03	 1.42696E+03
 1.98261E+03	 1.42908E+03
 1.98492E+03	 1.42820E+03
 1.98724E+03	 1.42858E+03
 1.98955E+03	 1.42892E+03
 1.99187E+03	 1.43020E+03
 1.99418E+03	 1.43064E+03
 1.99649E+03	 1.42934E+03
 1.99880E+03	 1.42930E+03
 2.00112E+03	 1.43008E+03
 2.00343E+03	 1.43042E+03
 2.00574E+03	 1.43140E+03
 2.00804E+03	 1.43068E+03
 2.01035E+03	 1.42954E+03
 2.01266E+03	 1.43162E+03
 2.01497E+03	 1.43158E+03
 2.01727E+03	 1.43098E+03
 2.01958E+03	 1.43194E+03
 2.02188E+03	 1.43162E+03
 2.02419E+03	 1.43444E+03
 2.02649E+03	 1.43328E+03
 2.02880E+03	 1.43550E+03
 2.03110E+03	 1.43350E+03
 2.03340E+03	 1.43382E+03
 2.03570E+03	 1.43546E+03
 2.03800E+03	 1.43272E+03
 2.04030E+03	 1.43220E+03
 2.04260E+03	 1.43118E+03
 2.04490E+03	 1.43332E+03
 2.04719E+03	 1.43274E+03
 2.04949E+03	 1.43538E+03
 2.05179E+03	 1.43144E+03
 2.05408E+03	 1.43480E+03
 2.05638E+03	 1.43242E+03
 2.05867E+03	 1.43500E+03
 2.06096E+03	 1.43218E+03
 2.06326E+03	 1.43250E+03
 2.06555E+03	 1.43364E+03
 2.06784E+03	 1.43328E+03
 2.07013E+03	 1.42998E+03
 2.07242E+03	 1.43402E+03
 2.07471E+03	 1.43364E+03
 2.07700E+03	 1.43476E+03
 2.07929E+03	 1.43446E+03
 2.08157E+03	 1.43210E+03
 2.08386E+03	 1.43480E+03
 2.08615E+03	 1.43642E+03
 2.08843E+03	 1.43424E+03
 2.09072E+03	 1.43280E+03
 2.09300E+03	 1.43614E+03
 2.09528E+03	 1.42974E+03
 2.09756E+03	 1.43716E+03
 2.09985E+03	 1.43502E+03
 2.10213E+03	 1.43662E+03
 2.10441E+03	 1.43508E+03
 2.10669E+03	 1.43528E+03
 2.10897E+03	 1.43576E+03
 2.11125E+03	 1.43502E+03
 2.11352E+03	 1.43460E+03
 2.11580E+03	 1.43598E+03
 2.11808E+03	 1.43618E+03
 2.12035E+03	 1.43502E+03
 2.12263E+03	 1.43578E+03
 2.12490E+03	 1.43478E+03
 2.12718E+03	 1.43600E+03
 2.12945E+03	 1.43422E+03
 2.13172E+03	 1.43674E+03
 2.13399E+03	 1.43696E+03
 2.13626E+03	 1.43940E+03
 2.13853E+03	 1.43756E+03
 2.14080E+03	 1.43526E+03
 2.14307E+03	 1.43746E+03
 2.14534E+03	 1.43910E+03
 2.14761E+03	 1.43780E+03
 2.14988E+03	 1.43790E+03
 2.15214E+03	 1.43784E+03
 2.15441E+03	 1.43784E+03
 2.15667E+03	 1.44042E+03
 2.15894E+03	 1.43786E+03
 2.16120E+03	 1.43626E+03
 2.16346E+03	 1.44202E+03
 2.16573E+03	 1.43984E+03
 2.16799E+03	 1.44098E+03
 2.17025E+03	 1.43938E+03
 2.17251E+03	 1.43686E+03
 2.17477E+03	 1.44108E+03
 2.17703E+03	 1.44024E+03
 2.17929E+03	 1.43778E+03
 2.18154E+03	 1.44034E+03
 2.18380E+03	 1.43844E+03
 2.18606E+03	 1.44058E+03
 2.18831E+03	 1.44090E+03
 2.19057E+03	 1.44252E+03
 2.19282E+03	 1.44030E+03
 2.19508E+03	 1.44268E+03
 2.19733E+03	 1.44334E+03
 2.19958E+03	 1.43952E+03
 2.20183E+03	 1.44298E+03
 2.20409E+03	 1.44072E+03
 2.20634E+03	 1.44306E+03
 2.20859E+03	 1.44128E+03
 2.21083E+03	 1.44428E+03
 2.21308E+03	 1.44458E+03
 2.21533E+03	 1.44002E+03
 2.21758E+03	 1.44084E+03
 2.21982E+03	 1.43844E+03
 2.22207E+03	 1.44296E+03
 2.22432E+03	 1.44070E+03
 2.22656E+03	 1.44266E+03
 2.22880E+03	 1.44306E+03
 2.23105E+03	 1.44460E+03
 2.23329E+03	 1.44218E+03
 2.23553E+03	 1.44656E+03
 2.23777E+03	 1.44202E+03
 2.24001E+03	 1.44356E+03
 2.24225E+03	 1.44270E+03
 2.24449E+03	 1.44444E+03
 2.24673E+03	 1.44584E+03
 2.24897E+03	 1.44358E+03
 2.25121E+03	 1.44462E+03
 2.25344E+03	 1.44518E+03
 2.25568E+03	 1.44512E+03
 2.25791E+03	 1.44468E+03
 2.26015E+03	 1.44382E+03
 2.26238E+03	 1.44656E+03
 2.26462E+03	 1.44754E+03
 2.26685E+03	 1.44750E+03
 2.26908E+03	 1.44558E+03
 2.27131E+03	 1.44704E+03
 2.27354E+03	 1.44596E+03
 2.27577E+03	 1.44788E+03
 2.27800E+03	 1.44724E+03
 2.28023E+03	 1.44472E+03
 2.28246E+03	 1.44752E+03
 2.28469E+03	 1.44604E+03
 2.28692E+03	 1.44730E+03
 2.28914E+03	 1.44644E+03
 2.29137E+03	 1.45070E+03
 2.29359E+03	 1.44800E+03
 2.29582E+03	 1.44790E+03
 2.29804E+03	 1.45244E+03
 2.30026E+03	 1.44882E+03
 2.30249E+03	 1.44734E+03
 2.30471E+03	 1.44894E+03
 2.30693E+03	 1.44916E+03
 2.30915E+03	 1.44818E+03
 2.31137E+03	 1.44710E+03
 2.31359E+03	 1.44776E+03
 2.31581E+03	 1.45062E+03
 2.31802E+03	 1.44860E+03
 2.32024E+03	 1.45076E+03
 2.32246E+03	 1.45132E+03
 2.32467E+03	 1.44988E+03
 2.32689E+03	 1.44892E+03
 2.32910E+03	 1.44998E+03
 2.33132E+03	 1.44982E+03
 2.33353E+03	 1.45154E+03
 2.33574E+03	 1.44988E+03
 2.33796E+03	 1.45218E+03
 2.34017E+03	 1.44862E+03
 2.34238E+03	 1.45422E+03
 2.34459E+03	 1.45132E+03
 2.34680E+03	 1.45398E+03
 2.34901E+03	 1.44912E+03
 2.35121E+03	 1.45138E+03
 2.35342E+03	 1.45130E+03
 2.35563E+03	 1.45390E+03
 2.35784E+03	 1.45454E+03
 2.36004E+03	 1.45314E+03
 2.36225E+03	 1.45206E+03
 2.36445E+03	 1.45168E+03
 2.36665E+03	 1.45698E+03
 2.36886E+03	 1.45204E+03
 2.37106E+03	 1.45352E+03
 2.37326E+03	 1.45854E+03
 2.37546E+03	 1.45606E+03
 2.37766E+03	 1.45454E+03
 2.37986E+03	 1.45242E+03
 2.38206E+03	 1.45308E+03
 2.38426E+03	 1.45592E+03
 2.38646E+03	 1.45646E+03
 2.38866E+03	 1.45164E+03
 2.39085E+03	 1.45486E+03
 2.39305E+03	 1.45400E+03
 2.39525E+03	 1.45526E+03
 2.39744E+03	 1.46008E+03
 2.39963E+03	 1.45548E+03
 2.40183E+03	 1.45766E+03
 2.40402E+03	 1.45614E+03
 2.40621E+03	 1.45588E+03
 2.40841E+03	 1.45774E+03
 2.41060E+03	 1.45638E+03
 2.41279E+03	 1.45948E+03
 2.41498E+03	 1.45532E+03
 2.41717E+03	 1.45426E+03
 2.41935E+03	 1.45492E+03
 2.42154E+03	 1.45896E+03
 2.42373E+03	 1.45802E+03
 2.42592E+03	 1.45884E+03
 2.42810E+03	 1.45782E+03
 2.43029E+03	 1.45790E+03
 2.43247E+03	 1.45574E+03
 2.43466E+03	 1.45746E+03
 2.43684E+03	 1.45822E+03
 2.43902E+03	 1.45958E+03
 2.44121E+03	 1.45908E+03
 2.44339E+03	 1.45714E+03
 2.44557E+03	 1.45978E+03
 2.44775E+03	 1.46122E+03
 2.44993E+03	 1.45948E+03
 2.45211E+03	 1.45962E+03
 2.45429E+03	 1.46196E+03
 2.45646E+03	 1.45964E+03
 2.45864E+03	 1.46248E+03
 2.46082E+03	 1.46280E+03
 2.46299E+03	 1.46408E+03
 2.46517E+03	 1.46120E+03
 2.46734E+03	 1.46064E+03
 2.46952E+03	 1.46388E+03
 2.47169E+03	 1.46034E+03
 2.47386E+03	 1.46156E+03
 2.47604E+03	 1.46474E+03
 2.47821E+03	 1.46058E+03
 2.48038E+03	 1.46170E+03
 2.48255E+03	 1.46172E+03
 2.48472E+03	 1.46532E+03
 2.48689E+03	 1.46348E+03
 2.48906E+03	 1.46496E+03
 2.49123E+03	 1.46494E+03
 2.49339E+03	 1.46534E+03
 2.49556E+03	 1.46666E+03
 2.49773E+03	 1.46548E+03
 2.49989E+03	 1.46638E+03
 2.50206E+03	 1.46768E+03
 2.50422E+03	 1.46496E+03
 2.50638E+03	 1.46634E+03
 2.50855E+03	 1.46892E+03
 2.51071E+03	 1.46626E+03
 2.51287E+03	 1.46892E+03
 2.51503E+03	 1.46728E+03
 2.51719E+03	 1.47010E+03
 2.51935E+03	 1.47100E+03
 2.52151E+03	 1.46892E+03
 2.52367E+03	 1.46854E+03
 2.52583E+03	 1.46514E+03
 2.52799E+03	 1.46792E+03
 2.53014E+03	 1.46960E+03
 2.53230E+03	 1.46976E+03
 2.53445E+03	 1.46782E+03
 2.53661E+03	 1.46970E+03
 2.53876E+03	 1.46928E+03
 2.54092E+03	 1.47138E+03
 2.54307E+03	 1.46654E+03
 2.54522E+03	 1.47422E+03
 2.54738E+03	 1.47310E+03
 2.54953E+03	 1.47218E+03
 2.55168E+03	 1.47332E+03
 2.55383E+03	 1.47488E+03
 2.55598E+03	 1.46944E+03
 2.55813E+03	 1.46638E+03
 2.56027E+03	 1.46920E+03
 2.56242E+03	 1.47336E+03
 2.56457E+03	 1.47022E+03
 2.56671E+03	 1.47226E+03
 2.56886E+03	 1.47118E+03
 2.57101E+03	 1.47196E+03
 2.57315E+03	 1.46928E+03
 2.57529E+03	 1.47090E+03
 2.57744E+03	 1.47050E+03
 2.57958E+03	 1.47052E+03
 2.58172E+03	 1.47080E+03
 2.58386E+03	 1.47042E+03
 2.58601E+03	 1.47308E+03
 2.58815E+03	 1.47484E+03
 2.59029E+03	 1.47232E+03
 2.59242E+03	 1.47228E+03
 2.59456E+03	 1.47112E+03
 2.59670E+03	 1.47172E+03
 2.59884E+03	 1.47646E+03
 2.60097E+03	 1.47424E+03
 2.60311E+03	 1.47488E+03
 2.60525E+03	 1.47578E+03
 2.60738E+03	 1.47362E+03
 2.60952E+03	 1.47394E+03
 2.61165E+03	 1.47456E+03
 2.61378E+03	 1.47364E+03
 2.61591E+03	 1.47714E+03
 2.61805E+03	 1.47786E+03
 2.62018E+03	 1.47644E+03
 2.62231E+03	 1.47436E+03
 2.62444E+03	 1.47494E+03
 2.62657E+03	 1.47404E+03
 2.62870E+03	 1.48102E+03
 2.63082E+03	 1.48032E+03
 2.63295E+03	 1.47416E+03
 2.63508E+03	 1.47652E+03
 2.63721E+03	 1.47622E+03
 2.63933E+03	 1.47574E+03
 2.64146E+03	 1.48002E+03
 2.64358E+03	 1.47500E+03
 2.64571E+03	 1.47804E+03
 2.64783E+03	 1.48044E+03
 2.64995E+03	 1.47954E+03
 2.65207E+03	 1.48036E+03
 2.65420E+03	 1.47876E+03
 2.65632E+03	 1.48104E+03
 2.65844E+03	 1.47948E+03
 2.66056E+03	 1.48228E+03
 2.66268E+03	 1.47948E+03
 2.66480E+03	 1.48222E+03
 2.66691E+03	 1.48398E+03
 2.66903E+03	 1.48062E+03
 2.67115E+03	 1.47702E+03
 2.67326E+03	 1.48176E+03
 2.67538E+03	 1.48014E+03
 2.67749E+03	 1.48512E+03
 2.67961E+03	 1.48442E+03
 2.68172E+03	 1.48036E+03
 2.68384E+03	 1.48258E+03
 2.68595E+03	 1.48276E+03
 2.68806E+03	 1.48876E+03
 2.69017E+03	 1.48542E+03
 2.69228E+03	 1.48320E+03
 2.69439E+03	 1.48424E+03
 2.69650E+03	 1.48304E+03
 2.69861E+03	 1.48558E+03
 2.70072E+03	 1.48640E+03
 2.70283E+03	 1.48754E+03
 2.70494E+03	 1.48654E+03
 2.70704E+03	 1.48448E+03
 2.70915E+03	 1.48730E+03
 2.71126E+03	 1.49048E+03
 2.71336E+03	 1.48584E+03
 2.71546E+03	 1.48574E+03
 2.71757E+03	 1.48908E+03
 2.71967E+03	 1.48678E+03
 2.72177E+03	 1.48560E+03
 2.72388E+03	 1.48514E+03
 2.72598E+03	 1.48696E+03
 2.72808E+03	 1.49286E+03
 2.73018E+03	 1.48608E+03
 2.73228E+03	 1.48578E+03
 2.73438E+03	 1.48902E+03
 2.73648E+03	 1.49132E+03
 2.73857E+03	 1.48942E+03
 2.74067E+03	 1.48522E+03
 2.74277E+03	 1.49030E+03
 2.74486E+03	 1.48956E+03
 2.74696E+03	 1.48902E+03
 2.74905E+03	 1.49532E+03
 2.75115E+03	 1.49426E+03
 2.75324E+03	 1.49208E+03
 2.75534E+03	 1.49262E+03
 2.75743E+03	 1.49204E+03
 2.75952E+03	 1.49140E+03
 2.76161E+03	 1.49288E+03
 2.76370E+03	 1.49076E+03
 2.76579E+03	 1.49254E+03
 2.76788E+03	 1.49060E+03
 2.76997E+03	 1.48978E+03
 2.77206E+03	 1.49240E+03
 2.77415E+03	 1.49478E+03
 2.77624E+03	 1.49258E+03
 2.77832E+03	 1.49464E+03
 2.78041E+03	 1.49240E+03
 2.78250E+03	 1.49014E+03
 2.78458E+03	 1.49382E+03
 2.78666E+03	 1.49030E+03
 2.78875E+03	 1.49270E+03
 2.79083E+03	 1.49124E+03
 2.79291E+03	 1.49392E+03
 2.79500E+03	 1.49382E+03
 2.79708E+03	 1.49316E+03
 2.79916E+03	 1.49314E+03
 2.80124E+03	 1.49398E+03
 2.80332E+03	 1.49096E+03
 2.80540E+03	 1.49572E+03
 2.80748E+03	 1.49258E+03
 2.80956E+03	 1.49504E+03
 2.81163E+03	 1.49382E+03
 2.81371E+03	 1.49368E+03
 2.81579E+03	 1.49494E+03
 2.81786E+03	 1.49798E+03
 2.81994E+03	 1.49846E+03
 2.82201E+03	 1.49988E+03
 2.82409E+03	 1.49818E+03
 2.82616E+03	 1.49640E+03
 2.82823E+03	 1.49720E+03
 2.83031E+03	 1.49296E+03
 2.83238E+03	 1.49820E+03
 2.83445E+03	 1.50120E+03
 2.83652E+03	 1.49736E+03
 2.83859E+03	 1.49916E+03
 2.84066E+03	 1.49814E+03
 2.84273E+03	 1.49442E+03
 2.84480E+03	 1.50104E+03
 2.84686E+03	 1.50100E+03
 2.84893E+03	 1.49956E+03
 2.85100E+03	 1.50052E+03
 2.85306E+03	 1.50116E+03
 2.85513E+03	 1.49590E+03
 2.85719E+03	 1.50284E+03
 2.85926E+03	 1.49652E+03
 2.86132E+03	 1.50630E+03
 2.86339E+03	 1.50350E+03
 2.86545E+03	 1.50372E+03
 2.86751E+03	 1.50218E+03
 2.86957E+03	 1.50432E+03
 2.87163E+03	 1.49950E+03
 2.87369E+03	 1.50322E+03
 2.87575E+03	 1.50340E+03
 2.87781E+03	 1.50362E+03
 2.87987E+03	 1.50676E+03
 2.88193E+03	 1.50540E+03
 2.88399E+03	 1.50424E+03
 2.88604E+03	 1.50202E+03
 2.88810E+03	 1.50526E+03
 2.89015E+03	 1.50444E+03
 2.89221E+03	 1.50294E+03
 2.89426E+03	 1.50584E+03
 2.89632E+03	 1.50500E+03
 2.89837E+03	 1.50606E+03
 2.90042E+03	 1.50700E+03
 2.90248E+03	 1.50672E+03
 2.90453E+03	 1.50648E+03
 2.90658E+03	 1.50864E+03
 2.90863E+03	 1.50870E+03
 2.91068E+03	 1.50528E+03
 2.91273E+03	 1.50310E+03
 2.91478E+03	 1.51016E+03
 2.91683E+03	 1.50498E+03
 2.91888E+03	 1.50542E+03
 2.92092E+03	 1.50552E+03
 2.92297E+03	 1.50750E+03
 2.92502E+03	 1.50952E+03
 2.92706E+03	 1.51138E+03
 2.92911E+03	 1.50828E+03
 2.93115E+03	 1.51172E+03
 2.93320E+03	 1.50520E+03
 2.93524E+03	 1.51000E+03
 2.93728E+03	 1.50846E+03
 2.93932E+03	 1.50898E+03
 2.94137E+03	 1.51186E+03
 2.94341E+03	 1.50792E+03
 2.94545E+03	 1.51150E+03
 2.94749E+03	 1.51218E+03
 2.94953E+03	 1.50620E+03
 2.95157E+03	 1.51190E+03
 2.95360E+03	 1.51296E+03
 2.95564E+03	 1.50964E+03
 2.95768E+03	 1.51108E+03
 2.95971E+03	 1.51100E+03
 2.96175E+03	 1.51148E+03
 2.96379E+03	 1.51218E+03
 2.96582E+03	 1.51082E+03
 2.96786E+03	 1.50886E+03
 2.96989E+03	 1.51346E+03
 2.97192E+03	 1.51422E+03
 2.97396E+03	 1.51002E+03
 2.97599E+03	 1.51316E+03
 2.97802E+03	 1.51282E+03
 2.98005E+03	 1.50854E+03
 2.98208E+03	 1.51056E+03
 2.98411E+03	 1.51140E+03
 2.98614E+03	 1.51108E+03
 2.98817E+03	 1.51328E+03
 2.99020E+03	 1.51374E+03
 2.99223E+03	 1.51462E+03
 2.99425E+03	 1.51354E+03
 2.99628E+03	 1.51628E+03
 2.99830E+03	 1.51096E+03
 3.00033E+03	 1.51420E+03
 3.00236E+03	 1.51516E+03
 3.00438E+03	 1.51482E+03
 3.00640E+03	 1.51110E+03
 3.00843E+03	 1.51864E+03
 3.01045E+03	 1.51478E+03
 3.01247E+03	 1.52008E+03
 3.01449E+03	 1.51476E+03
 3.01651E+03	 1.51354E+03
 3.01854E+03	 1.51696E+03
 3.02056E+03	 1.51872E+03
 3.02257E+03	 1.51666E+03
 3.02459E+03	 1.51864E+03
 3.02661E+03	 1.51898E+03
 3.02863E+03	 1.51808E+03
 3.03065E+03	 1.52124E+03
 3.03266E+03	 1.51848E+03
 3.03468E+03	 1.52314E+03
 3.03669E+03	 1.52266E+03
 3.03871E+03	 1.52086E+03
 3.04072E+03	 1.52454E+03
 3.04274E+03	 1.51732E+03
 3.04475E+03	 1.52102E+03
 3.04676E+03	 1.52352E+03
 3.04878E+03	 1.52254E+03
 3.05079E+03	 1.52248E+03
 3.05280E+03	 1.52676E+03
 3.05481E+03	 1.51664E+03
 3.05682E+03	 1.52708E+03
 3.05883E+03	 1.52304E+03
 3.06084E+03	 1.52302E+03
 3.06285E+03	 1.52130E+03
 3.06486E+03	 1.52504E+03
 3.06686E+03	 1.52540E+03
 3.06887E+03	 1.52202E+03
 3.07088E+03	 1.52390E+03
 3.07288E+03	 1.52842E+03
 3.07489E+03	 1.52436E+03
 3.07689E+03	 1.52324E+03
 3.07890E+03	 1.52816E+03
 3.08090E+03	 1.52560E+03
 3.08290E+03	 1.52660E+03
 3.08490E+03	 1.52578E+03
 3.08691E+03	 1.52398E+03
 3.08891E+03	 1.52710E+03
 3.09091E+03	 1.52318E+03
 3.09291E+03	 1.52600E+03
 3.09491E+03	 1.52500E+03
 3.09691E+03	 1.52718E+03
 3.09891E+03	 1.52924E+03
 3.10090E+03	 1.52654E+03
 3.10290E+03	 1.52984E+03
 3.10490E+03	 1.52562E+03
 3.10690E+03	 1.52298E+03
 3.10889E+03	 1.52756E+03
 3.11089E+03	 1.52550E+03
 3.11288E+03	 1.52792E+03
 3.11488E+03	 1.52630E+03
 3.11687E+03	 1.52604E+03
 3.11886E+03	 1.52492E+03
 3.12086E+03	 1.52624E+03
 3.12285E+03	 1.52786E+03
 3.12484E+03	 1.52876E+03
 3.12683E+03	 1.52482E+03
 3.12882E+03	 1.52544E+03
 3.13081E+03	 1.52778E+03
 3.13280E+03	 1.52986E+03
 3.13479E+03	 1.52798E+03
 3.13678E+03	 1.52970E+03
 3.13877E+03	 1.53060E+03
 3.14075E+03	 1.52792E+03
 3.14274E+03	 1.53110E+03
 3.14473E+03	 1.52680E+03
 3.14671E+03	 1.52836E+03
 3.14870E+03	 1.52656E+03
 3.15068E+03	 1.52816E+03
 3.15267E+03	 1.52442E+03
 3.15465E+03	 1.53132E+03
 3.15663E+03	 1.52644E+03
 3.15862E+03	 1.53614E+03
 3.16060E+03	 1.53160E+03
 3.16258E+03	 1.52862E+03
 3.16456E+03	 1.52704E+03
 3.16654E+03	 1.52904E+03
 3.16852E+03	 1.52558E+03
 3.17050E+03	 1.53254E+03
 3.17248E+03	 1.53296E+03
 3.17446E+03	 1.53128E+03
 3.17643E+03	 1.52908E+03
 3.17841E+03	 1.53764E+03
 3.18039E+03	 1.53416E+03
 3.18236E+03	 1.53454E+03
 3.18434E+03	 1.53612E+03
 3.18632E+03	 1.53518E+03
 3.18829E+03	 1.53538E+03
 3.19026E+03	 1.53826E+03
 3.19224E+03	 1.53460E+03
 3.19421E+03	 1.53452E+03
 3.19618E+03	 1.53502E+03
 3.19815E+03	 1.53504E+03
 3.20013E+03	 1.53588E+03
 3.20210E+03	 1.53730E+03
 3.20407E+03	 1.53508E+03
 3.20604E+03	 1.53754E+03
 3.20801E+03	 1.53964E+03
 3.20998E+03	 1.53636E+03
 3.21194E+03	 1.53750E+03
 3.21391E+03	 1.53824E+03
 3.21588E+03	 1.54102E+03
 3.21784E+03	 1.54464E+03
 3.21981E+03	 1.53734E+03
 3.22178E+03	 1.54080E+03
 3.22374E+03	 1.53884E+03
 3.22571E+03	 1.53988E+03
 3.22767E+03	 1.53960E+03
 3.22963E+03	 1.54196E+03
 3.23160E+03	 1.54430E+03
 3.23356E+03	 1.54300E+03
 3.23552E+03	 1.54272E+03
 3.23748E+03	 1.54166E+03
 3.23944E+03	 1.53950E+03
 3.24140E+03	 1.54766E+03
 3.24336E+03	 1.54552E+03
 3.24532E+03	 1.54460E+03
 3.24728E+03	 1.54610E+03
 3.24924E+03	 1.54152E+03
 3.25120E+03	 1.54770E+03
 3.25315E+03	 1.54524E+03
 3.25511E+03	 1.54378E+03
 3.25707E+03	 1.55052E+03
 3.25902E+03	 1.55186E+03
 3.26098E+03	 1.54914E+03
 3.26293E+03	 1.54956E+03
 3.26489E+03	 1.54614E+03
 3.26684E+03	 1.54526E+03
 3.26879E+03	 1.54708E+03
 3.27075E+03	 1.54590E+03
 3.27270E+03	 1.54920E+03
 3.27465E+03	 1.54614E+03
 3.27660E+03	 1.54822E+03
 3.27855E+03	 1.54796E+03
 3.28050E+03	 1.54712E+03
 3.28245E+03	 1.54742E+03
 3.28440E+03	 1.54660E+03
 3.28635E+03	 1.54646E+03
 3.28829E+03	 1.54578E+03
 3.29024E+03	 1.55138E+03
 3.29219E+03	 1.54916E+03
 3.29413E+03	 1.54178E+03
 3.29608E+03	 1.54318E+03
 3.29803E+03	 1.54634E+03
 3.29997E+03	 1.54994E+03
 3.30191E+03	 1.54654E+03
 3.30386E+03	 1.54344E+03
 3.30580E+03	 1.54508E+03
 3.30774E+03	 1.54790E+03
 3.30969E+03	 1.55200E+03
 3.31163E+03	 1.54590E+03
 3.31357E+03	 1.54608E+03
 3.31551E+03	 1.55042E+03
 3.31745E+03	 1.54222E+03
 3.31939E+03	 1.55044E+03
 3.32133E+03	 1.54932E+03
 3.32327E+03	 1.54722E+03
 3.32520E+03	 1.55036E+03
 3.32714E+03	 1.55022E+03
 3.32908E+03	 1.54976E+03
 3.33102E+03	 1.54932E+03
 3.33295E+03	 1.55010E+03
 3.33489E+03	 1.55582E+03
 3.33682E+03	 1.54930E+03
 3.33876E+03	 1.55146E+03
 3.34069E+03	 1.55196E+03
 3.34262E+03	 1.54988E+03
 3.34456E+03	 1.55210E+03
 3.34649E+03	 1.55662E+03
 3.34842E+03	 1.54886E+03
 3.35035E+03	 1.55208E+03
 3.35228E+03	 1.55112E+03
 3.35421E+03	 1.55534E+03
 3.35614E+03	 1.55560E+03
 3.35807E+03	 1.55724E+03
 3.36000E+03	 1.55690E+03
 3.36193E+03	 1.55386E+03
 3.36386E+03	 1.55536E+03
 3.36578E+03	 1.55554E+03
 3.36771E+03	 1.55884E+03
 3.36964E+03	 1.55646E+03
 3.37156E+03	 1.55810E+03
 3.37349E+03	 1.55896E+03
 3.37541E+03	 1.55758E+03
 3.37734E+03	 1.55610E+03
 3.37926E+03	 1.56064E+03
 3.38118E+03	 1.55458E+03
 3.38311E+03	 1.55788E+03
 3.38503E+03	 1.55998E+03
 3.38695E+03	 1.56362E+03
 3.38887E+03	 1.56054E+03
 3.39079E+03	 1.56444E+03
 3.39271E+03	 1.55902E+03
 3.39463E+03	 1.56068E+03
 3.39655E+03	 1.56084E+03
 3.39847E+03	 1.56138E+03
 3.40039E+03	 1.56248E+03
 3.40231E+03	 1.56592E+03
 3.40422E+03	 1.56522E+03
 3.40614E+03	 1.56252E+03
 3.40806E+03	 1.56474E+03
 3.40997E+03	 1.56926E+03
 3.41189E+03	 1.56398E+03
 3.41380E+03	 1.56720E+03
 3.41571E+03	 1.56404E+03
 3.41763E+03	 1.56612E+03
 3.41954E+03	 1.56656E+03
 3.42145E+03	 1.56844E+03
 3.42337E+03	 1.56744E+03
 3.42528E+03	 1.57018E+03
 3.42719E+03	 1.56662E+03
 3.42910E+03	 1.56930E+03
 3.43101E+03	 1.56524E+03
 3.43292E+03	 1.56834E+03
 3.43483E+03	 1.56704E+03
 3.43674E+03	 1.56872E+03
 3.43864E+03	 1.56936E+03
 3.44055E+03	 1.56476E+03
 3.44246E+03	 1.56614E+03
 3.44437E+03	 1.56728E+03
 3.44627E+03	 1.57058E+03
 3.44818E+03	 1.56504E+03
 3.45008E+03	 1.56930E+03
 3.45199E+03	 1.56852E+03
 3.45389E+03	 1.57086E+03
 3.45579E+03	 1.56628E+03
 3.45770E+03	 1.56742E+03
 3.45960E+03	 1.56936E+03
 3.46150E+03	 1.56848E+03
 3.46340E+03	 1.56960E+03
 3.46530E+03	 1.56890E+03
 3.46721E+03	 1.57666E+03
 3.46911E+03	 1.56870E+03
 3.47101E+03	 1.56674E+03
 3.47290E+03	 1.56926E+03
 3.47480E+03	 1.57362E+03
 3.47670E+03	 1.56796E+03
 3.47860E+03	 1.56774E+03
 3.48050E+03	 1.57364E+03
 3.48239E+03	 1.57344E+03
 3.48429E+03	 1.56844E+03
 3.48618E+03	 1.57014E+03
 3.48808E+03	 1.57826E+03
 3.48997E+03	 1.57204E+03
 3.49187E+03	 1.57158E+03
 3.49376E+03	 1.57598E+03
 3.49565E+03	 1.56870E+03
 3.49755E+03	 1.57508E+03
 3.49944E+03	 1.57364E+03
 3.50133E+03	 1.57152E+03
 3.50322E+03	 1.57684E+03
 3.50511E+03	 1.57288E+03
 3.50700E+03	 1.57142E+03
 3.50889E+03	 1.57344E+03
 3.51078E+03	 1.57500E+03
 3.51267E+03	 1.57768E+03
 3.51456E+03	 1.57126E+03
 3.51645E+03	 1.57520E+03
 3.51833E+03	 1.57738E+03
 3.52022E+03	 1.58276E+03
 3.52211E+03	 1.57636E+03
 3.52399E+03	 1.57970E+03
 3.52588E+03	 1.58538E+03
 3.52776E+03	 1.57860E+03
 3.52965E+03	 1.57850E+03
 3.53153E+03	 1.58302E+03
 3.53341E+03	 1.57740E+03
 3.53530E+03	 1.58124E+03
 3.53718E+03	 1.57920E+03
 3.53906E+03	 1.58250E+03
 3.54094E+03	 1.57930E+03
 3.54282E+03	 1.58134E+03
 3.54470E+03	 1.58802E+03
 3.54658E+03	 1.58040E+03
 3.54846E+03	 1.58400E+03
 3.55034E+03	 1.58206E+03
 3.55222E+03	 1.58676E+03
 3.55410E+03	 1.58630E+03
 3.55598E+03	 1.58534E+03
 3.55785E+03	 1.59086E+03
 3.55973E+03	 1.58802E+03
 3.56161E+03	 1.58080E+03
 3.56348E+03	 1.58458E+03
 3.56536E+03	 1.58806E+03
 3.56723E+03	 1.58308E+03
 3.56910E+03	 1.59040E+03
 3.57098E+03	 1.58728E+03
 3.57285E+03	 1.58564E+03
 3.57472E+03	 1.58626E+03
 3.57660E+03	 1.58980E+03
 3.57847E+03	 1.58414E+03
 3.58034E+03	 1.59088E+03
 3.58221E+03	 1.59022E+03
 3.58408E+03	 1.59066E+03
 3.58595E+03	 1.58976E+03
 3.58782E+03	 1.58992E+03
 3.58969E+03	 1.58642E+03
 3.59156E+03	 1.58448E+03
 3.59342E+03	 1.59012E+03
 3.59529E+03	 1.58492E+03
 3.59716E+03	 1.59600E+03
 3.59902E+03	 1.58894E+03
 3.60089E+03	 1.59284E+03
 3.60275E+03	 1.58942E+03
 3.60462E+03	 1.59620E+03
 3.60648E+03	 1.58664E+03
 3.60835E+03	 1.59202E+03
 3.61021E+03	 1.59082E+03
 3.61207E+03	 1.59046E+03
 3.61394E+03	 1.59576E+03
 3.61580E+03	 1.58928E+03
 3.61766E+03	 1.59236E+03
 3.61952E+03	 1.59718E+03
 3.62138E+03	 1.59394E+03
 3.62324E+03	 1.59146E+03
 3.62510E+03	 1.59242E+03
 3.62696E+03	 1.59298E+03
 3.62882E+03	 1.59380E+03
 3.63068E+03	 1.59554E+03
 3.63254E+03	 1.59112E+03
 3.63439E+03	 1.59306E+03
 3.63625E+03	 1.59588E+03
 3.63811E+03	 1.59714E+03
 3.63996E+03	 1.59642E+03
 3.64182E+03	 1.59748E+03
 3.64367E+03	 1.59934E+03
 3.64553E+03	 1.59662E+03
 3.64738E+03	 1.59732E+03
 3.64923E+03	 1.59816E+03
 3.65109E+03	 1.59756E+03
 3.65294E+03	 1.60258E+03
 3.65479E+03	 1.59730E+03
 3.65664E+03	 1.59674E+03
 3.65849E+03	 1.59928E+03
 3.66034E+03	 1.60376E+03
 3.66219E+03	 1.59732E+03
 3.66404E+03	 1.59972E+03
 3.66589E+03	 1.60576E+03
 3.66774E+03	 1.59978E+03
 3.66959E+03	 1.60030E+03
 3.67144E+03	 1.60272E+03
 3.67328E+03	 1.60060E+03
 3.67513E+03	 1.60386E+03
 3.67698E+03	 1.60372E+03
 3.67882E+03	 1.60554E+03
 3.68067E+03	 1.60324E+03
 3.68251E+03	 1.60350E+03
 3.68436E+03	 1.60530E+03
 3.68620E+03	 1.60492E+03
 3.68804E+03	 1.61316E+03
 3.68989E+03	 1.60766E+03
 3.69173E+03	 1.61012E+03
 3.69357E+03	 1.60512E+03
 3.69541E+03	 1.60840E+03
 3.69725E+03	 1.60842E+03
 3.69909E+03	 1.60974E+03
 3.70093E+03	 1.60806E+03
 3.70277E+03	 1.60540E+03
 3.70461E+03	 1.60844E+03
 3.70645E+03	 1.61018E+03
 3.70829E+03	 1.60416E+03
 3.71013E+03	 1.60774E+03
 3.71197E+03	 1.61424E+03
 3.71380E+03	 1.60636E+03
 3.71564E+03	 1.60692E+03
 3.71747E+03	 1.61240E+03
 3.71931E+03	 1.60986E+03
 3.72115E+03	 1.61118E+03
 3.72298E+03	 1.61232E+03
 3.72481E+03	 1.61140E+03
 3.72665E+03	 1.61568E+03
 3.72848E+03	 1.61470E+03
 3.73031E+03	 1.61170E+03
 3.73214E+03	 1.61694E+03
