//Exported ASCII-File
[Header]
FileName = D:\User\JN 25\JN25045\Alex Leide annealing\REFEL Ne 300 2,5dpa\REFEL Ne 300 2,5dpa anneal.wip
GraphName = REFEL Ne 300 2,5dpa-1100 5mins--Spectrum--035--Spec.Data 1
SizeX = 1
SizeY = 1
SizeGraph = 1600
PositionUnit = µm
PositionX = 5713.80000002328
PositionY = 10044.0000000233
PositionZ = 9.33
XAxisUnit = rel. 1/cm
DataUnit = CCD cts

[Data]
X-Axis	REFEL Ne 300 2,5dpa-1100 5mins--Spectrum--035--Spec.Data 1
 2.65845E+01	 1.34788E+03
 2.95325E+01	 1.34754E+03
 3.24795E+01	 1.34724E+03
 3.54254E+01	 1.34660E+03
 3.83703E+01	 1.34684E+03
 4.13142E+01	 1.34614E+03
 4.42570E+01	 1.34658E+03
 4.71989E+01	 1.34690E+03
 5.01397E+01	 1.34710E+03
 5.30795E+01	 1.34776E+03
 5.60182E+01	 1.34810E+03
 5.89559E+01	 1.34926E+03
 6.18927E+01	 1.35408E+03
 6.48283E+01	 1.36594E+03
 6.77630E+01	 1.38430E+03
 7.06967E+01	 1.40008E+03
 7.36293E+01	 1.41170E+03
 7.65609E+01	 1.41900E+03
 7.94915E+01	 1.42262E+03
 8.24211E+01	 1.42466E+03
 8.53496E+01	 1.42288E+03
 8.82771E+01	 1.42696E+03
 9.12037E+01	 1.42584E+03
 9.41292E+01	 1.42458E+03
 9.70536E+01	 1.42756E+03
 9.99771E+01	 1.42972E+03
 1.02900E+02	 1.42678E+03
 1.05821E+02	 1.43310E+03
 1.08741E+02	 1.43084E+03
 1.11661E+02	 1.42824E+03
 1.14579E+02	 1.43186E+03
 1.17497E+02	 1.43348E+03
 1.20413E+02	 1.43280E+03
 1.23328E+02	 1.43468E+03
 1.26243E+02	 1.43576E+03
 1.29156E+02	 1.43770E+03
 1.32068E+02	 1.43760E+03
 1.34980E+02	 1.43400E+03
 1.37890E+02	 1.44122E+03
 1.40799E+02	 1.44020E+03
 1.43708E+02	 1.44286E+03
 1.46615E+02	 1.44448E+03
 1.49521E+02	 1.44326E+03
 1.52427E+02	 1.44120E+03
 1.55331E+02	 1.44418E+03
 1.58234E+02	 1.44722E+03
 1.61137E+02	 1.44834E+03
 1.64038E+02	 1.44728E+03
 1.66938E+02	 1.44764E+03
 1.69837E+02	 1.44728E+03
 1.72736E+02	 1.44894E+03
 1.75633E+02	 1.45036E+03
 1.78529E+02	 1.44858E+03
 1.81425E+02	 1.45034E+03
 1.84319E+02	 1.45010E+03
 1.87212E+02	 1.45058E+03
 1.90105E+02	 1.45330E+03
 1.92996E+02	 1.45064E+03
 1.95886E+02	 1.44988E+03
 1.98775E+02	 1.44776E+03
 2.01664E+02	 1.45072E+03
 2.04551E+02	 1.44734E+03
 2.07437E+02	 1.44862E+03
 2.10323E+02	 1.44866E+03
 2.13207E+02	 1.45078E+03
 2.16090E+02	 1.44944E+03
 2.18973E+02	 1.44736E+03
 2.21854E+02	 1.44534E+03
 2.24735E+02	 1.44670E+03
 2.27614E+02	 1.44558E+03
 2.30492E+02	 1.44228E+03
 2.33370E+02	 1.44650E+03
 2.36246E+02	 1.44664E+03
 2.39122E+02	 1.44358E+03
 2.41996E+02	 1.44330E+03
 2.44870E+02	 1.44236E+03
 2.47742E+02	 1.44020E+03
 2.50614E+02	 1.44206E+03
 2.53484E+02	 1.44426E+03
 2.56354E+02	 1.44118E+03
 2.59222E+02	 1.44314E+03
 2.62090E+02	 1.44040E+03
 2.64956E+02	 1.44250E+03
 2.67822E+02	 1.43816E+03
 2.70687E+02	 1.44136E+03
 2.73550E+02	 1.44262E+03
 2.76413E+02	 1.44084E+03
 2.79275E+02	 1.43796E+03
 2.82135E+02	 1.43834E+03
 2.84995E+02	 1.43868E+03
 2.87854E+02	 1.43822E+03
 2.90711E+02	 1.43934E+03
 2.93568E+02	 1.43702E+03
 2.96424E+02	 1.43934E+03
 2.99279E+02	 1.43752E+03
 3.02133E+02	 1.43668E+03
 3.04986E+02	 1.43346E+03
 3.07838E+02	 1.43674E+03
 3.10689E+02	 1.43964E+03
 3.13538E+02	 1.43724E+03
 3.16387E+02	 1.43734E+03
 3.19236E+02	 1.43476E+03
 3.22083E+02	 1.43616E+03
 3.24929E+02	 1.43500E+03
 3.27774E+02	 1.43614E+03
 3.30618E+02	 1.43696E+03
 3.33461E+02	 1.43498E+03
 3.36303E+02	 1.43254E+03
 3.39145E+02	 1.43696E+03
 3.41985E+02	 1.43272E+03
 3.44824E+02	 1.43160E+03
 3.47663E+02	 1.43472E+03
 3.50500E+02	 1.43546E+03
 3.53336E+02	 1.43362E+03
 3.56172E+02	 1.43432E+03
 3.59006E+02	 1.43404E+03
 3.61840E+02	 1.43350E+03
 3.64672E+02	 1.43196E+03
 3.67504E+02	 1.43252E+03
 3.70335E+02	 1.43652E+03
 3.73164E+02	 1.43430E+03
 3.75993E+02	 1.43320E+03
 3.78821E+02	 1.43714E+03
 3.81648E+02	 1.43304E+03
 3.84473E+02	 1.43626E+03
 3.87298E+02	 1.43466E+03
 3.90122E+02	 1.43298E+03
 3.92945E+02	 1.43004E+03
 3.95767E+02	 1.43450E+03
 3.98588E+02	 1.43350E+03
 4.01408E+02	 1.43270E+03
 4.04227E+02	 1.43440E+03
 4.07046E+02	 1.43182E+03
 4.09863E+02	 1.43228E+03
 4.12679E+02	 1.43366E+03
 4.15494E+02	 1.43210E+03
 4.18309E+02	 1.43060E+03
 4.21122E+02	 1.43358E+03
 4.23935E+02	 1.43380E+03
 4.26746E+02	 1.43296E+03
 4.29557E+02	 1.43312E+03
 4.32366E+02	 1.43292E+03
 4.35175E+02	 1.43420E+03
 4.37983E+02	 1.43270E+03
 4.40790E+02	 1.43596E+03
 4.43595E+02	 1.43446E+03
 4.46400E+02	 1.43486E+03
 4.49204E+02	 1.43420E+03
 4.52007E+02	 1.43248E+03
 4.54809E+02	 1.43346E+03
 4.57610E+02	 1.43334E+03
 4.60410E+02	 1.43348E+03
 4.63210E+02	 1.43390E+03
 4.66008E+02	 1.43300E+03
 4.68805E+02	 1.43736E+03
 4.71602E+02	 1.43564E+03
 4.74397E+02	 1.43734E+03
 4.77192E+02	 1.43644E+03
 4.79985E+02	 1.43758E+03
 4.82778E+02	 1.43908E+03
 4.85569E+02	 1.44042E+03
 4.88360E+02	 1.44016E+03
 4.91150E+02	 1.43922E+03
 4.93939E+02	 1.43968E+03
 4.96727E+02	 1.44610E+03
 4.99514E+02	 1.44080E+03
 5.02300E+02	 1.44264E+03
 5.05085E+02	 1.44440E+03
 5.07869E+02	 1.44030E+03
 5.10652E+02	 1.43980E+03
 5.13435E+02	 1.44306E+03
 5.16216E+02	 1.44148E+03
 5.18996E+02	 1.44332E+03
 5.21776E+02	 1.44124E+03
 5.24554E+02	 1.44656E+03
 5.27332E+02	 1.44580E+03
 5.30109E+02	 1.44366E+03
 5.32885E+02	 1.43946E+03
 5.35659E+02	 1.44080E+03
 5.38433E+02	 1.43816E+03
 5.41206E+02	 1.44136E+03
 5.43978E+02	 1.44100E+03
 5.46750E+02	 1.44190E+03
 5.49520E+02	 1.43706E+03
 5.52289E+02	 1.43692E+03
 5.55057E+02	 1.43736E+03
 5.57825E+02	 1.43510E+03
 5.60591E+02	 1.43220E+03
 5.63357E+02	 1.43112E+03
 5.66122E+02	 1.43274E+03
 5.68885E+02	 1.43160E+03
 5.71648E+02	 1.42886E+03
 5.74410E+02	 1.42776E+03
 5.77171E+02	 1.42826E+03
 5.79931E+02	 1.42782E+03
 5.82690E+02	 1.42584E+03
 5.85448E+02	 1.42750E+03
 5.88206E+02	 1.42658E+03
 5.90962E+02	 1.42196E+03
 5.93717E+02	 1.42342E+03
 5.96472E+02	 1.42532E+03
 5.99225E+02	 1.42264E+03
 6.01978E+02	 1.42442E+03
 6.04730E+02	 1.42280E+03
 6.07481E+02	 1.42116E+03
 6.10231E+02	 1.42174E+03
 6.12980E+02	 1.42312E+03
 6.15728E+02	 1.42138E+03
 6.18475E+02	 1.41896E+03
 6.21221E+02	 1.42262E+03
 6.23967E+02	 1.42052E+03
 6.26711E+02	 1.42030E+03
 6.29454E+02	 1.42298E+03
 6.32197E+02	 1.42226E+03
 6.34939E+02	 1.42194E+03
 6.37680E+02	 1.42378E+03
 6.40419E+02	 1.42294E+03
 6.43158E+02	 1.42464E+03
 6.45896E+02	 1.42552E+03
 6.48634E+02	 1.42650E+03
 6.51370E+02	 1.42690E+03
 6.54105E+02	 1.42572E+03
 6.56840E+02	 1.42428E+03
 6.59573E+02	 1.42292E+03
 6.62306E+02	 1.42360E+03
 6.65037E+02	 1.42272E+03
 6.67768E+02	 1.42254E+03
 6.70498E+02	 1.42026E+03
 6.73227E+02	 1.42150E+03
 6.75955E+02	 1.42286E+03
 6.78682E+02	 1.42410E+03
 6.81409E+02	 1.42314E+03
 6.84134E+02	 1.42258E+03
 6.86858E+02	 1.42366E+03
 6.89582E+02	 1.42540E+03
 6.92305E+02	 1.42642E+03
 6.95026E+02	 1.42934E+03
 6.97747E+02	 1.42920E+03
 7.00467E+02	 1.42604E+03
 7.03186E+02	 1.42958E+03
 7.05905E+02	 1.43058E+03
 7.08622E+02	 1.43210E+03
 7.11338E+02	 1.43180E+03
 7.14054E+02	 1.43202E+03
 7.16768E+02	 1.43378E+03
 7.19482E+02	 1.43398E+03
 7.22195E+02	 1.43872E+03
 7.24907E+02	 1.43738E+03
 7.27618E+02	 1.43752E+03
 7.30328E+02	 1.44002E+03
 7.33037E+02	 1.44088E+03
 7.35745E+02	 1.44240E+03
 7.38453E+02	 1.44596E+03
 7.41159E+02	 1.44488E+03
 7.43865E+02	 1.44840E+03
 7.46569E+02	 1.45224E+03
 7.49273E+02	 1.45390E+03
 7.51976E+02	 1.45474E+03
 7.54678E+02	 1.45788E+03
 7.57379E+02	 1.46796E+03
 7.60080E+02	 1.46758E+03
 7.62779E+02	 1.47378E+03
 7.65478E+02	 1.46894E+03
 7.68175E+02	 1.46770E+03
 7.70872E+02	 1.46206E+03
 7.73568E+02	 1.45762E+03
 7.76263E+02	 1.45434E+03
 7.78957E+02	 1.45020E+03
 7.81650E+02	 1.44668E+03
 7.84342E+02	 1.44360E+03
 7.87034E+02	 1.43920E+03
 7.89724E+02	 1.43522E+03
 7.92414E+02	 1.43342E+03
 7.95103E+02	 1.43132E+03
 7.97791E+02	 1.43100E+03
 8.00478E+02	 1.43204E+03
 8.03164E+02	 1.42764E+03
 8.05849E+02	 1.43000E+03
 8.08533E+02	 1.43058E+03
 8.11217E+02	 1.42946E+03
 8.13899E+02	 1.43048E+03
 8.16581E+02	 1.42756E+03
 8.19262E+02	 1.43096E+03
 8.21942E+02	 1.43280E+03
 8.24621E+02	 1.43040E+03
 8.27299E+02	 1.43076E+03
 8.29977E+02	 1.43288E+03
 8.32653E+02	 1.43352E+03
 8.35329E+02	 1.43130E+03
 8.38003E+02	 1.43038E+03
 8.40677E+02	 1.42642E+03
 8.43350E+02	 1.43092E+03
 8.46022E+02	 1.43108E+03
 8.48693E+02	 1.43092E+03
 8.51364E+02	 1.43070E+03
 8.54033E+02	 1.43144E+03
 8.56702E+02	 1.43230E+03
 8.59370E+02	 1.43154E+03
 8.62036E+02	 1.43060E+03
 8.64702E+02	 1.43162E+03
 8.67367E+02	 1.43342E+03
 8.70032E+02	 1.43148E+03
 8.72695E+02	 1.43502E+03
 8.75358E+02	 1.43260E+03
 8.78019E+02	 1.43164E+03
 8.80680E+02	 1.43294E+03
 8.83340E+02	 1.43328E+03
 8.85999E+02	 1.43550E+03
 8.88657E+02	 1.43230E+03
 8.91314E+02	 1.43158E+03
 8.93971E+02	 1.43382E+03
 8.96626E+02	 1.43250E+03
 8.99281E+02	 1.43106E+03
 9.01935E+02	 1.43392E+03
 9.04588E+02	 1.43478E+03
 9.07240E+02	 1.43508E+03
 9.09891E+02	 1.43334E+03
 9.12541E+02	 1.43410E+03
 9.15191E+02	 1.43524E+03
 9.17840E+02	 1.43298E+03
 9.20487E+02	 1.43680E+03
 9.23134E+02	 1.43408E+03
 9.25780E+02	 1.43350E+03
 9.28426E+02	 1.42908E+03
 9.31070E+02	 1.43234E+03
 9.33714E+02	 1.43216E+03
 9.36356E+02	 1.42972E+03
 9.38998E+02	 1.42688E+03
 9.41639E+02	 1.42482E+03
 9.44279E+02	 1.42046E+03
 9.46918E+02	 1.42382E+03
 9.49557E+02	 1.42106E+03
 9.52194E+02	 1.42082E+03
 9.54831E+02	 1.42134E+03
 9.57466E+02	 1.42086E+03
 9.60101E+02	 1.41910E+03
 9.62735E+02	 1.42050E+03
 9.65369E+02	 1.41906E+03
 9.68001E+02	 1.41922E+03
 9.70633E+02	 1.41774E+03
 9.73263E+02	 1.41974E+03
 9.75893E+02	 1.41614E+03
 9.78522E+02	 1.41684E+03
 9.81150E+02	 1.42084E+03
 9.83777E+02	 1.41968E+03
 9.86404E+02	 1.41828E+03
 9.89029E+02	 1.41754E+03
 9.91654E+02	 1.42028E+03
 9.94278E+02	 1.41974E+03
 9.96901E+02	 1.41818E+03
 9.99523E+02	 1.42014E+03
 1.00214E+03	 1.41832E+03
 1.00477E+03	 1.41900E+03
 1.00738E+03	 1.41874E+03
 1.01000E+03	 1.41790E+03
 1.01262E+03	 1.42026E+03
 1.01524E+03	 1.41818E+03
 1.01785E+03	 1.41958E+03
 1.02047E+03	 1.41976E+03
 1.02308E+03	 1.41954E+03
 1.02570E+03	 1.41982E+03
 1.02831E+03	 1.41702E+03
 1.03092E+03	 1.41970E+03
 1.03353E+03	 1.41844E+03
 1.03614E+03	 1.42000E+03
 1.03875E+03	 1.41662E+03
 1.04136E+03	 1.42036E+03
 1.04397E+03	 1.42086E+03
 1.04658E+03	 1.41940E+03
 1.04918E+03	 1.41864E+03
 1.05179E+03	 1.42228E+03
 1.05439E+03	 1.41984E+03
 1.05700E+03	 1.41974E+03
 1.05960E+03	 1.42136E+03
 1.06220E+03	 1.42118E+03
 1.06480E+03	 1.41850E+03
 1.06740E+03	 1.41890E+03
 1.07000E+03	 1.42074E+03
 1.07260E+03	 1.42028E+03
 1.07520E+03	 1.42024E+03
 1.07780E+03	 1.41886E+03
 1.08039E+03	 1.41812E+03
 1.08299E+03	 1.41854E+03
 1.08558E+03	 1.41982E+03
 1.08818E+03	 1.42158E+03
 1.09077E+03	 1.42156E+03
 1.09336E+03	 1.42186E+03
 1.09595E+03	 1.42030E+03
 1.09854E+03	 1.42046E+03
 1.10113E+03	 1.42130E+03
 1.10372E+03	 1.42038E+03
 1.10631E+03	 1.42076E+03
 1.10890E+03	 1.42042E+03
 1.11148E+03	 1.42142E+03
 1.11407E+03	 1.42236E+03
 1.11665E+03	 1.42230E+03
 1.11924E+03	 1.42302E+03
 1.12182E+03	 1.42496E+03
 1.12440E+03	 1.42006E+03
 1.12698E+03	 1.42118E+03
 1.12956E+03	 1.42102E+03
 1.13214E+03	 1.41948E+03
 1.13472E+03	 1.42200E+03
 1.13730E+03	 1.42368E+03
 1.13987E+03	 1.42468E+03
 1.14245E+03	 1.42360E+03
 1.14503E+03	 1.41932E+03
 1.14760E+03	 1.41986E+03
 1.15017E+03	 1.42154E+03
 1.15275E+03	 1.42140E+03
 1.15532E+03	 1.42114E+03
 1.15789E+03	 1.42314E+03
 1.16046E+03	 1.42026E+03
 1.16303E+03	 1.42074E+03
 1.16560E+03	 1.42422E+03
 1.16817E+03	 1.42326E+03
 1.17074E+03	 1.42170E+03
 1.17330E+03	 1.42190E+03
 1.17587E+03	 1.42490E+03
 1.17843E+03	 1.42208E+03
 1.18100E+03	 1.42302E+03
 1.18356E+03	 1.42170E+03
 1.18612E+03	 1.42114E+03
 1.18868E+03	 1.42050E+03
 1.19124E+03	 1.42276E+03
 1.19380E+03	 1.42208E+03
 1.19636E+03	 1.42172E+03
 1.19892E+03	 1.42306E+03
 1.20148E+03	 1.42420E+03
 1.20404E+03	 1.42258E+03
 1.20659E+03	 1.42196E+03
 1.20915E+03	 1.42238E+03
 1.21170E+03	 1.42304E+03
 1.21425E+03	 1.42156E+03
 1.21681E+03	 1.42376E+03
 1.21936E+03	 1.42662E+03
 1.22191E+03	 1.42190E+03
 1.22446E+03	 1.42492E+03
 1.22701E+03	 1.42314E+03
 1.22956E+03	 1.42250E+03
 1.23210E+03	 1.42316E+03
 1.23465E+03	 1.42172E+03
 1.23720E+03	 1.42214E+03
 1.23974E+03	 1.42628E+03
 1.24229E+03	 1.42058E+03
 1.24483E+03	 1.42248E+03
 1.24737E+03	 1.42470E+03
 1.24992E+03	 1.42242E+03
 1.25246E+03	 1.42182E+03
 1.25500E+03	 1.41966E+03
 1.25754E+03	 1.42080E+03
 1.26008E+03	 1.42084E+03
 1.26261E+03	 1.42164E+03
 1.26515E+03	 1.42234E+03
 1.26769E+03	 1.42470E+03
 1.27022E+03	 1.42374E+03
 1.27276E+03	 1.42188E+03
 1.27529E+03	 1.42644E+03
 1.27783E+03	 1.42698E+03
 1.28036E+03	 1.42276E+03
 1.28289E+03	 1.42430E+03
 1.28542E+03	 1.42198E+03
 1.28795E+03	 1.42348E+03
 1.29048E+03	 1.42374E+03
 1.29301E+03	 1.42582E+03
 1.29554E+03	 1.42680E+03
 1.29806E+03	 1.42712E+03
 1.30059E+03	 1.42418E+03
 1.30311E+03	 1.42794E+03
 1.30564E+03	 1.42484E+03
 1.30816E+03	 1.42578E+03
 1.31069E+03	 1.42386E+03
 1.31321E+03	 1.42660E+03
 1.31573E+03	 1.42838E+03
 1.31825E+03	 1.42874E+03
 1.32077E+03	 1.42622E+03
 1.32329E+03	 1.42808E+03
 1.32581E+03	 1.42394E+03
 1.32832E+03	 1.42616E+03
 1.33084E+03	 1.43008E+03
 1.33336E+03	 1.42850E+03
 1.33587E+03	 1.42948E+03
 1.33838E+03	 1.42894E+03
 1.34090E+03	 1.43088E+03
 1.34341E+03	 1.42814E+03
 1.34592E+03	 1.42732E+03
 1.34843E+03	 1.42746E+03
 1.35094E+03	 1.42910E+03
 1.35345E+03	 1.42732E+03
 1.35596E+03	 1.42786E+03
 1.35847E+03	 1.42612E+03
 1.36098E+03	 1.42926E+03
 1.36348E+03	 1.42758E+03
 1.36599E+03	 1.42918E+03
 1.36849E+03	 1.42744E+03
 1.37100E+03	 1.42426E+03
 1.37350E+03	 1.42594E+03
 1.37600E+03	 1.42812E+03
 1.37850E+03	 1.42782E+03
 1.38100E+03	 1.42916E+03
 1.38350E+03	 1.42744E+03
 1.38600E+03	 1.42750E+03
 1.38850E+03	 1.42668E+03
 1.39100E+03	 1.42832E+03
 1.39350E+03	 1.42676E+03
 1.39599E+03	 1.42888E+03
 1.39849E+03	 1.42782E+03
 1.40098E+03	 1.42848E+03
 1.40348E+03	 1.42690E+03
 1.40597E+03	 1.42654E+03
 1.40846E+03	 1.42618E+03
 1.41095E+03	 1.42818E+03
 1.41344E+03	 1.42940E+03
 1.41593E+03	 1.42736E+03
 1.41842E+03	 1.42686E+03
 1.42091E+03	 1.43108E+03
 1.42340E+03	 1.43158E+03
 1.42588E+03	 1.42854E+03
 1.42837E+03	 1.42942E+03
 1.43086E+03	 1.42954E+03
 1.43334E+03	 1.42828E+03
 1.43582E+03	 1.42936E+03
 1.43831E+03	 1.42730E+03
 1.44079E+03	 1.43026E+03
 1.44327E+03	 1.43230E+03
 1.44575E+03	 1.43064E+03
 1.44823E+03	 1.43166E+03
 1.45071E+03	 1.43018E+03
 1.45319E+03	 1.42984E+03
 1.45566E+03	 1.42976E+03
 1.45814E+03	 1.43048E+03
 1.46062E+03	 1.43282E+03
 1.46309E+03	 1.42932E+03
 1.46557E+03	 1.43084E+03
 1.46804E+03	 1.42936E+03
 1.47051E+03	 1.43036E+03
 1.47298E+03	 1.43082E+03
 1.47546E+03	 1.43196E+03
 1.47793E+03	 1.42962E+03
 1.48040E+03	 1.42842E+03
 1.48286E+03	 1.42756E+03
 1.48533E+03	 1.43088E+03
 1.48780E+03	 1.42866E+03
 1.49027E+03	 1.43018E+03
 1.49273E+03	 1.43174E+03
 1.49520E+03	 1.43354E+03
 1.49766E+03	 1.43082E+03
 1.50013E+03	 1.42952E+03
 1.50259E+03	 1.43202E+03
 1.50505E+03	 1.43186E+03
 1.50751E+03	 1.43312E+03
 1.50997E+03	 1.43420E+03
 1.51243E+03	 1.43104E+03
 1.51489E+03	 1.43424E+03
 1.51735E+03	 1.42956E+03
 1.51981E+03	 1.43548E+03
 1.52226E+03	 1.43470E+03
 1.52472E+03	 1.43192E+03
 1.52718E+03	 1.43712E+03
 1.52963E+03	 1.43662E+03
 1.53208E+03	 1.43782E+03
 1.53454E+03	 1.43880E+03
 1.53699E+03	 1.43854E+03
 1.53944E+03	 1.44412E+03
 1.54189E+03	 1.44518E+03
 1.54434E+03	 1.44274E+03
 1.54679E+03	 1.44774E+03
 1.54924E+03	 1.44634E+03
 1.55169E+03	 1.44644E+03
 1.55413E+03	 1.44614E+03
 1.55658E+03	 1.44638E+03
 1.55902E+03	 1.44756E+03
 1.56147E+03	 1.44434E+03
 1.56391E+03	 1.44236E+03
 1.56636E+03	 1.44094E+03
 1.56880E+03	 1.44222E+03
 1.57124E+03	 1.43990E+03
 1.57368E+03	 1.44076E+03
 1.57612E+03	 1.43792E+03
 1.57856E+03	 1.43830E+03
 1.58100E+03	 1.43968E+03
 1.58344E+03	 1.43646E+03
 1.58587E+03	 1.43762E+03
 1.58831E+03	 1.43848E+03
 1.59074E+03	 1.43632E+03
 1.59318E+03	 1.43568E+03
 1.59561E+03	 1.43490E+03
 1.59805E+03	 1.43474E+03
 1.60048E+03	 1.43666E+03
 1.60291E+03	 1.43246E+03
 1.60534E+03	 1.43528E+03
 1.60777E+03	 1.43134E+03
 1.61020E+03	 1.43500E+03
 1.61263E+03	 1.43412E+03
 1.61506E+03	 1.43452E+03
 1.61749E+03	 1.43586E+03
 1.61991E+03	 1.43396E+03
 1.62234E+03	 1.43512E+03
 1.62476E+03	 1.43418E+03
 1.62719E+03	 1.43596E+03
 1.62961E+03	 1.43520E+03
 1.63203E+03	 1.43430E+03
 1.63446E+03	 1.43418E+03
 1.63688E+03	 1.43498E+03
 1.63930E+03	 1.43622E+03
 1.64172E+03	 1.43148E+03
 1.64414E+03	 1.43624E+03
 1.64656E+03	 1.43724E+03
 1.64897E+03	 1.43828E+03
 1.65139E+03	 1.43548E+03
 1.65381E+03	 1.43512E+03
 1.65622E+03	 1.43332E+03
 1.65864E+03	 1.43612E+03
 1.66105E+03	 1.43688E+03
 1.66346E+03	 1.43702E+03
 1.66588E+03	 1.43508E+03
 1.66829E+03	 1.44064E+03
 1.67070E+03	 1.43736E+03
 1.67311E+03	 1.43910E+03
 1.67552E+03	 1.43870E+03
 1.67793E+03	 1.43878E+03
 1.68034E+03	 1.44082E+03
 1.68274E+03	 1.43726E+03
 1.68515E+03	 1.43950E+03
 1.68756E+03	 1.43896E+03
 1.68996E+03	 1.44004E+03
 1.69236E+03	 1.43896E+03
 1.69477E+03	 1.43712E+03
 1.69717E+03	 1.43914E+03
 1.69957E+03	 1.44076E+03
 1.70197E+03	 1.43790E+03
 1.70438E+03	 1.43950E+03
 1.70678E+03	 1.44262E+03
 1.70917E+03	 1.43810E+03
 1.71157E+03	 1.43944E+03
 1.71397E+03	 1.43914E+03
 1.71637E+03	 1.43928E+03
 1.71876E+03	 1.43914E+03
 1.72116E+03	 1.43782E+03
 1.72355E+03	 1.43806E+03
 1.72595E+03	 1.43888E+03
 1.72834E+03	 1.43454E+03
 1.73073E+03	 1.43838E+03
 1.73313E+03	 1.43916E+03
 1.73552E+03	 1.43644E+03
 1.73791E+03	 1.43810E+03
 1.74030E+03	 1.43820E+03
 1.74269E+03	 1.43928E+03
 1.74507E+03	 1.43774E+03
 1.74746E+03	 1.44058E+03
 1.74985E+03	 1.43992E+03
 1.75224E+03	 1.43942E+03
 1.75462E+03	 1.44516E+03
 1.75701E+03	 1.44520E+03
 1.75939E+03	 1.43934E+03
 1.76177E+03	 1.43914E+03
 1.76415E+03	 1.44262E+03
 1.76654E+03	 1.44344E+03
 1.76892E+03	 1.44232E+03
 1.77130E+03	 1.44304E+03
 1.77368E+03	 1.44228E+03
 1.77606E+03	 1.44324E+03
 1.77843E+03	 1.44066E+03
 1.78081E+03	 1.44156E+03
 1.78319E+03	 1.44038E+03
 1.78556E+03	 1.44156E+03
 1.78794E+03	 1.44274E+03
 1.79031E+03	 1.43886E+03
 1.79269E+03	 1.44426E+03
 1.79506E+03	 1.44534E+03
 1.79743E+03	 1.44044E+03
 1.79981E+03	 1.44042E+03
 1.80218E+03	 1.44168E+03
 1.80455E+03	 1.44284E+03
 1.80692E+03	 1.44244E+03
 1.80928E+03	 1.44024E+03
 1.81165E+03	 1.44370E+03
 1.81402E+03	 1.44180E+03
 1.81639E+03	 1.44206E+03
 1.81875E+03	 1.44078E+03
 1.82112E+03	 1.44084E+03
 1.82348E+03	 1.43942E+03
 1.82585E+03	 1.44486E+03
 1.82821E+03	 1.44244E+03
 1.83057E+03	 1.44062E+03
 1.83293E+03	 1.44434E+03
 1.83529E+03	 1.43964E+03
 1.83765E+03	 1.44270E+03
 1.84001E+03	 1.44470E+03
 1.84237E+03	 1.44268E+03
 1.84473E+03	 1.44154E+03
 1.84709E+03	 1.44370E+03
 1.84944E+03	 1.44460E+03
 1.85180E+03	 1.44372E+03
 1.85416E+03	 1.44426E+03
 1.85651E+03	 1.44588E+03
 1.85886E+03	 1.44464E+03
 1.86122E+03	 1.44474E+03
 1.86357E+03	 1.44274E+03
 1.86592E+03	 1.44620E+03
 1.86827E+03	 1.44716E+03
 1.87062E+03	 1.44598E+03
 1.87297E+03	 1.44626E+03
 1.87532E+03	 1.44670E+03
 1.87767E+03	 1.44570E+03
 1.88002E+03	 1.44788E+03
 1.88236E+03	 1.44662E+03
 1.88471E+03	 1.44764E+03
 1.88705E+03	 1.44850E+03
 1.88940E+03	 1.45164E+03
 1.89174E+03	 1.45040E+03
 1.89409E+03	 1.44706E+03
 1.89643E+03	 1.44626E+03
 1.89877E+03	 1.44758E+03
 1.90111E+03	 1.45044E+03
 1.90345E+03	 1.44840E+03
 1.90579E+03	 1.45186E+03
 1.90813E+03	 1.45436E+03
 1.91047E+03	 1.45132E+03
 1.91281E+03	 1.45164E+03
 1.91514E+03	 1.45094E+03
 1.91748E+03	 1.45100E+03
 1.91981E+03	 1.44980E+03
 1.92215E+03	 1.45236E+03
 1.92448E+03	 1.44922E+03
 1.92682E+03	 1.45092E+03
 1.92915E+03	 1.45130E+03
 1.93148E+03	 1.44792E+03
 1.93381E+03	 1.45300E+03
 1.93614E+03	 1.44982E+03
 1.93847E+03	 1.44908E+03
 1.94080E+03	 1.45124E+03
 1.94313E+03	 1.45122E+03
 1.94546E+03	 1.45048E+03
 1.94778E+03	 1.45218E+03
 1.95011E+03	 1.45334E+03
 1.95244E+03	 1.45222E+03
 1.95476E+03	 1.44834E+03
 1.95709E+03	 1.44872E+03
 1.95941E+03	 1.45124E+03
 1.96173E+03	 1.44816E+03
 1.96405E+03	 1.45154E+03
 1.96638E+03	 1.45376E+03
 1.96870E+03	 1.45110E+03
 1.97102E+03	 1.44746E+03
 1.97334E+03	 1.45418E+03
 1.97566E+03	 1.45148E+03
 1.97797E+03	 1.45040E+03
 1.98029E+03	 1.45026E+03
 1.98261E+03	 1.45262E+03
 1.98492E+03	 1.45112E+03
 1.98724E+03	 1.45172E+03
 1.98955E+03	 1.45236E+03
 1.99187E+03	 1.45100E+03
 1.99418E+03	 1.45522E+03
 1.99649E+03	 1.45212E+03
 1.99880E+03	 1.45294E+03
 2.00112E+03	 1.45162E+03
 2.00343E+03	 1.45076E+03
 2.00574E+03	 1.45248E+03
 2.00804E+03	 1.45118E+03
 2.01035E+03	 1.45770E+03
 2.01266E+03	 1.45556E+03
 2.01497E+03	 1.45562E+03
 2.01727E+03	 1.45362E+03
 2.01958E+03	 1.45474E+03
 2.02188E+03	 1.45398E+03
 2.02419E+03	 1.45498E+03
 2.02649E+03	 1.45750E+03
 2.02880E+03	 1.45480E+03
 2.03110E+03	 1.46024E+03
 2.03340E+03	 1.45412E+03
 2.03570E+03	 1.45488E+03
 2.03800E+03	 1.45506E+03
 2.04030E+03	 1.45702E+03
 2.04260E+03	 1.45626E+03
 2.04490E+03	 1.45566E+03
 2.04719E+03	 1.45646E+03
 2.04949E+03	 1.45960E+03
 2.05179E+03	 1.45736E+03
 2.05408E+03	 1.45468E+03
 2.05638E+03	 1.45962E+03
 2.05867E+03	 1.45690E+03
 2.06096E+03	 1.45468E+03
 2.06326E+03	 1.45794E+03
 2.06555E+03	 1.45848E+03
 2.06784E+03	 1.45870E+03
 2.07013E+03	 1.45724E+03
 2.07242E+03	 1.46026E+03
 2.07471E+03	 1.45980E+03
 2.07700E+03	 1.45570E+03
 2.07929E+03	 1.45756E+03
 2.08157E+03	 1.45866E+03
 2.08386E+03	 1.46072E+03
 2.08615E+03	 1.45612E+03
 2.08843E+03	 1.46068E+03
 2.09072E+03	 1.45692E+03
 2.09300E+03	 1.45840E+03
 2.09528E+03	 1.46028E+03
 2.09756E+03	 1.45724E+03
 2.09985E+03	 1.45992E+03
 2.10213E+03	 1.45920E+03
 2.10441E+03	 1.46036E+03
 2.10669E+03	 1.45620E+03
 2.10897E+03	 1.45892E+03
 2.11125E+03	 1.45942E+03
 2.11352E+03	 1.45756E+03
 2.11580E+03	 1.46244E+03
 2.11808E+03	 1.45854E+03
 2.12035E+03	 1.46084E+03
 2.12263E+03	 1.46184E+03
 2.12490E+03	 1.46378E+03
 2.12718E+03	 1.46204E+03
 2.12945E+03	 1.46120E+03
 2.13172E+03	 1.46500E+03
 2.13399E+03	 1.46502E+03
 2.13626E+03	 1.46258E+03
 2.13853E+03	 1.46026E+03
 2.14080E+03	 1.46502E+03
 2.14307E+03	 1.46172E+03
 2.14534E+03	 1.46306E+03
 2.14761E+03	 1.46436E+03
 2.14988E+03	 1.46280E+03
 2.15214E+03	 1.46108E+03
 2.15441E+03	 1.46350E+03
 2.15667E+03	 1.46878E+03
 2.15894E+03	 1.46460E+03
 2.16120E+03	 1.46414E+03
 2.16346E+03	 1.46442E+03
 2.16573E+03	 1.46624E+03
 2.16799E+03	 1.46596E+03
 2.17025E+03	 1.46738E+03
 2.17251E+03	 1.46596E+03
 2.17477E+03	 1.46682E+03
 2.17703E+03	 1.46878E+03
 2.17929E+03	 1.46802E+03
 2.18154E+03	 1.46670E+03
 2.18380E+03	 1.46616E+03
 2.18606E+03	 1.46566E+03
 2.18831E+03	 1.46722E+03
 2.19057E+03	 1.46406E+03
 2.19282E+03	 1.46568E+03
 2.19508E+03	 1.46794E+03
 2.19733E+03	 1.46802E+03
 2.19958E+03	 1.46996E+03
 2.20183E+03	 1.46666E+03
 2.20409E+03	 1.46658E+03
 2.20634E+03	 1.46772E+03
 2.20859E+03	 1.46980E+03
 2.21083E+03	 1.46830E+03
 2.21308E+03	 1.46992E+03
 2.21533E+03	 1.47192E+03
 2.21758E+03	 1.47048E+03
 2.21982E+03	 1.47126E+03
 2.22207E+03	 1.46742E+03
 2.22432E+03	 1.47024E+03
 2.22656E+03	 1.47108E+03
 2.22880E+03	 1.46746E+03
 2.23105E+03	 1.46840E+03
 2.23329E+03	 1.46656E+03
 2.23553E+03	 1.46948E+03
 2.23777E+03	 1.47106E+03
 2.24001E+03	 1.47030E+03
 2.24225E+03	 1.47246E+03
 2.24449E+03	 1.47396E+03
 2.24673E+03	 1.47188E+03
 2.24897E+03	 1.47152E+03
 2.25121E+03	 1.47120E+03
 2.25344E+03	 1.47386E+03
 2.25568E+03	 1.47110E+03
 2.25791E+03	 1.47414E+03
 2.26015E+03	 1.47516E+03
 2.26238E+03	 1.47806E+03
 2.26462E+03	 1.47142E+03
 2.26685E+03	 1.47644E+03
 2.26908E+03	 1.47726E+03
 2.27131E+03	 1.47626E+03
 2.27354E+03	 1.47484E+03
 2.27577E+03	 1.47452E+03
 2.27800E+03	 1.47506E+03
 2.28023E+03	 1.47298E+03
 2.28246E+03	 1.47496E+03
 2.28469E+03	 1.47238E+03
 2.28692E+03	 1.47374E+03
 2.28914E+03	 1.47692E+03
 2.29137E+03	 1.47434E+03
 2.29359E+03	 1.47636E+03
 2.29582E+03	 1.47590E+03
 2.29804E+03	 1.47952E+03
 2.30026E+03	 1.47804E+03
 2.30249E+03	 1.48030E+03
 2.30471E+03	 1.47638E+03
 2.30693E+03	 1.48206E+03
 2.30915E+03	 1.47658E+03
 2.31137E+03	 1.47736E+03
 2.31359E+03	 1.47416E+03
 2.31581E+03	 1.47848E+03
 2.31802E+03	 1.48018E+03
 2.32024E+03	 1.47984E+03
 2.32246E+03	 1.47874E+03
 2.32467E+03	 1.47946E+03
 2.32689E+03	 1.48002E+03
 2.32910E+03	 1.48012E+03
 2.33132E+03	 1.48006E+03
 2.33353E+03	 1.47834E+03
 2.33574E+03	 1.47826E+03
 2.33796E+03	 1.48012E+03
 2.34017E+03	 1.47730E+03
 2.34238E+03	 1.48138E+03
 2.34459E+03	 1.47920E+03
 2.34680E+03	 1.47918E+03
 2.34901E+03	 1.48320E+03
 2.35121E+03	 1.48138E+03
 2.35342E+03	 1.48088E+03
 2.35563E+03	 1.48496E+03
 2.35784E+03	 1.48362E+03
 2.36004E+03	 1.48396E+03
 2.36225E+03	 1.48070E+03
 2.36445E+03	 1.48342E+03
 2.36665E+03	 1.48106E+03
 2.36886E+03	 1.48438E+03
 2.37106E+03	 1.48454E+03
 2.37326E+03	 1.48202E+03
 2.37546E+03	 1.48582E+03
 2.37766E+03	 1.48410E+03
 2.37986E+03	 1.48168E+03
 2.38206E+03	 1.48630E+03
 2.38426E+03	 1.48140E+03
 2.38646E+03	 1.48518E+03
 2.38866E+03	 1.48678E+03
 2.39085E+03	 1.48928E+03
 2.39305E+03	 1.48938E+03
 2.39525E+03	 1.48818E+03
 2.39744E+03	 1.48952E+03
 2.39963E+03	 1.48706E+03
 2.40183E+03	 1.48656E+03
 2.40402E+03	 1.48842E+03
 2.40621E+03	 1.48634E+03
 2.40841E+03	 1.48740E+03
 2.41060E+03	 1.48990E+03
 2.41279E+03	 1.48732E+03
 2.41498E+03	 1.48760E+03
 2.41717E+03	 1.48846E+03
 2.41935E+03	 1.48472E+03
 2.42154E+03	 1.48782E+03
 2.42373E+03	 1.48982E+03
 2.42592E+03	 1.48690E+03
 2.42810E+03	 1.48786E+03
 2.43029E+03	 1.48654E+03
 2.43247E+03	 1.48494E+03
 2.43466E+03	 1.48678E+03
 2.43684E+03	 1.48620E+03
 2.43902E+03	 1.48706E+03
 2.44121E+03	 1.49246E+03
 2.44339E+03	 1.49032E+03
 2.44557E+03	 1.48970E+03
 2.44775E+03	 1.49150E+03
 2.44993E+03	 1.48824E+03
 2.45211E+03	 1.49278E+03
 2.45429E+03	 1.49224E+03
 2.45646E+03	 1.49260E+03
 2.45864E+03	 1.49128E+03
 2.46082E+03	 1.49188E+03
 2.46299E+03	 1.49690E+03
 2.46517E+03	 1.49278E+03
 2.46734E+03	 1.49078E+03
 2.46952E+03	 1.49632E+03
 2.47169E+03	 1.49370E+03
 2.47386E+03	 1.49676E+03
 2.47604E+03	 1.49378E+03
 2.47821E+03	 1.49684E+03
 2.48038E+03	 1.49630E+03
 2.48255E+03	 1.49626E+03
 2.48472E+03	 1.49758E+03
 2.48689E+03	 1.49952E+03
 2.48906E+03	 1.49732E+03
 2.49123E+03	 1.49800E+03
 2.49339E+03	 1.49800E+03
 2.49556E+03	 1.50284E+03
 2.49773E+03	 1.49732E+03
 2.49989E+03	 1.50252E+03
 2.50206E+03	 1.49996E+03
 2.50422E+03	 1.50240E+03
 2.50638E+03	 1.49810E+03
 2.50855E+03	 1.49796E+03
 2.51071E+03	 1.49974E+03
 2.51287E+03	 1.50486E+03
 2.51503E+03	 1.49902E+03
 2.51719E+03	 1.50336E+03
 2.51935E+03	 1.49992E+03
 2.52151E+03	 1.49868E+03
 2.52367E+03	 1.50334E+03
 2.52583E+03	 1.50166E+03
 2.52799E+03	 1.50738E+03
 2.53014E+03	 1.50070E+03
 2.53230E+03	 1.50284E+03
 2.53445E+03	 1.50722E+03
 2.53661E+03	 1.50762E+03
 2.53876E+03	 1.50588E+03
 2.54092E+03	 1.50032E+03
 2.54307E+03	 1.50874E+03
 2.54522E+03	 1.50530E+03
 2.54738E+03	 1.50860E+03
 2.54953E+03	 1.50396E+03
 2.55168E+03	 1.50800E+03
 2.55383E+03	 1.50210E+03
 2.55598E+03	 1.50384E+03
 2.55813E+03	 1.50748E+03
 2.56027E+03	 1.50590E+03
 2.56242E+03	 1.50608E+03
 2.56457E+03	 1.50370E+03
 2.56671E+03	 1.50718E+03
 2.56886E+03	 1.50594E+03
 2.57101E+03	 1.50796E+03
 2.57315E+03	 1.50964E+03
 2.57529E+03	 1.51248E+03
 2.57744E+03	 1.50788E+03
 2.57958E+03	 1.50774E+03
 2.58172E+03	 1.50588E+03
 2.58386E+03	 1.51326E+03
 2.58601E+03	 1.50572E+03
 2.58815E+03	 1.51132E+03
 2.59029E+03	 1.51300E+03
 2.59242E+03	 1.51388E+03
 2.59456E+03	 1.50980E+03
 2.59670E+03	 1.51130E+03
 2.59884E+03	 1.51108E+03
 2.60097E+03	 1.51108E+03
 2.60311E+03	 1.51128E+03
 2.60525E+03	 1.51136E+03
 2.60738E+03	 1.51102E+03
 2.60952E+03	 1.51620E+03
 2.61165E+03	 1.51338E+03
 2.61378E+03	 1.51846E+03
 2.61591E+03	 1.51196E+03
 2.61805E+03	 1.51176E+03
 2.62018E+03	 1.51944E+03
 2.62231E+03	 1.51736E+03
 2.62444E+03	 1.51514E+03
 2.62657E+03	 1.51702E+03
 2.62870E+03	 1.52296E+03
 2.63082E+03	 1.51762E+03
 2.63295E+03	 1.52354E+03
 2.63508E+03	 1.52066E+03
 2.63721E+03	 1.51574E+03
 2.63933E+03	 1.52122E+03
 2.64146E+03	 1.52428E+03
 2.64358E+03	 1.52176E+03
 2.64571E+03	 1.52244E+03
 2.64783E+03	 1.52734E+03
 2.64995E+03	 1.52216E+03
 2.65207E+03	 1.52670E+03
 2.65420E+03	 1.52666E+03
 2.65632E+03	 1.52504E+03
 2.65844E+03	 1.52304E+03
 2.66056E+03	 1.52316E+03
 2.66268E+03	 1.52434E+03
 2.66480E+03	 1.52550E+03
 2.66691E+03	 1.52482E+03
 2.66903E+03	 1.52496E+03
 2.67115E+03	 1.52306E+03
 2.67326E+03	 1.52918E+03
 2.67538E+03	 1.52692E+03
 2.67749E+03	 1.52982E+03
 2.67961E+03	 1.52554E+03
 2.68172E+03	 1.52452E+03
 2.68384E+03	 1.52586E+03
 2.68595E+03	 1.52688E+03
 2.68806E+03	 1.52120E+03
 2.69017E+03	 1.52478E+03
 2.69228E+03	 1.52928E+03
 2.69439E+03	 1.52580E+03
 2.69650E+03	 1.52254E+03
 2.69861E+03	 1.52452E+03
 2.70072E+03	 1.52722E+03
 2.70283E+03	 1.52904E+03
 2.70494E+03	 1.52700E+03
 2.70704E+03	 1.52482E+03
 2.70915E+03	 1.52768E+03
 2.71126E+03	 1.52568E+03
 2.71336E+03	 1.52266E+03
 2.71546E+03	 1.52644E+03
 2.71757E+03	 1.52614E+03
 2.71967E+03	 1.52768E+03
 2.72177E+03	 1.53036E+03
 2.72388E+03	 1.52738E+03
 2.72598E+03	 1.53134E+03
 2.72808E+03	 1.53118E+03
 2.73018E+03	 1.52994E+03
 2.73228E+03	 1.53346E+03
 2.73438E+03	 1.52990E+03
 2.73648E+03	 1.53308E+03
 2.73857E+03	 1.53290E+03
 2.74067E+03	 1.52952E+03
 2.74277E+03	 1.53166E+03
 2.74486E+03	 1.53240E+03
 2.74696E+03	 1.53148E+03
 2.74905E+03	 1.52922E+03
 2.75115E+03	 1.53090E+03
 2.75324E+03	 1.53378E+03
 2.75534E+03	 1.53080E+03
 2.75743E+03	 1.52910E+03
 2.75952E+03	 1.53190E+03
 2.76161E+03	 1.53468E+03
 2.76370E+03	 1.53328E+03
 2.76579E+03	 1.53356E+03
 2.76788E+03	 1.53348E+03
 2.76997E+03	 1.52954E+03
 2.77206E+03	 1.52848E+03
 2.77415E+03	 1.53246E+03
 2.77624E+03	 1.52974E+03
 2.77832E+03	 1.53376E+03
 2.78041E+03	 1.53020E+03
 2.78250E+03	 1.53462E+03
 2.78458E+03	 1.53212E+03
 2.78666E+03	 1.53840E+03
 2.78875E+03	 1.52980E+03
 2.79083E+03	 1.53466E+03
 2.79291E+03	 1.53472E+03
 2.79500E+03	 1.53400E+03
 2.79708E+03	 1.53560E+03
 2.79916E+03	 1.53604E+03
 2.80124E+03	 1.53218E+03
 2.80332E+03	 1.53446E+03
 2.80540E+03	 1.53624E+03
 2.80748E+03	 1.53600E+03
 2.80956E+03	 1.53330E+03
 2.81163E+03	 1.53552E+03
 2.81371E+03	 1.53644E+03
 2.81579E+03	 1.53822E+03
 2.81786E+03	 1.53684E+03
 2.81994E+03	 1.54070E+03
 2.82201E+03	 1.53726E+03
 2.82409E+03	 1.53670E+03
 2.82616E+03	 1.53440E+03
 2.82823E+03	 1.53780E+03
 2.83031E+03	 1.54040E+03
 2.83238E+03	 1.53822E+03
 2.83445E+03	 1.53754E+03
 2.83652E+03	 1.53892E+03
 2.83859E+03	 1.53894E+03
 2.84066E+03	 1.54306E+03
 2.84273E+03	 1.53830E+03
 2.84480E+03	 1.54204E+03
 2.84686E+03	 1.53804E+03
 2.84893E+03	 1.54824E+03
 2.85100E+03	 1.54068E+03
 2.85306E+03	 1.54406E+03
 2.85513E+03	 1.54624E+03
 2.85719E+03	 1.54310E+03
 2.85926E+03	 1.54368E+03
 2.86132E+03	 1.54398E+03
 2.86339E+03	 1.54502E+03
 2.86545E+03	 1.54682E+03
 2.86751E+03	 1.54596E+03
 2.86957E+03	 1.54738E+03
 2.87163E+03	 1.54416E+03
 2.87369E+03	 1.54428E+03
 2.87575E+03	 1.54578E+03
 2.87781E+03	 1.54966E+03
 2.87987E+03	 1.54428E+03
 2.88193E+03	 1.54894E+03
 2.88399E+03	 1.54638E+03
 2.88604E+03	 1.54538E+03
 2.88810E+03	 1.55032E+03
 2.89015E+03	 1.54442E+03
 2.89221E+03	 1.54626E+03
 2.89426E+03	 1.54918E+03
 2.89632E+03	 1.54716E+03
 2.89837E+03	 1.54854E+03
 2.90042E+03	 1.54702E+03
 2.90248E+03	 1.55112E+03
 2.90453E+03	 1.54986E+03
 2.90658E+03	 1.55056E+03
 2.90863E+03	 1.55024E+03
 2.91068E+03	 1.55336E+03
 2.91273E+03	 1.54616E+03
 2.91478E+03	 1.55254E+03
 2.91683E+03	 1.55366E+03
 2.91888E+03	 1.55056E+03
 2.92092E+03	 1.55090E+03
 2.92297E+03	 1.55542E+03
 2.92502E+03	 1.55390E+03
 2.92706E+03	 1.55324E+03
 2.92911E+03	 1.55454E+03
 2.93115E+03	 1.55676E+03
 2.93320E+03	 1.55308E+03
 2.93524E+03	 1.55408E+03
 2.93728E+03	 1.55202E+03
 2.93932E+03	 1.55334E+03
 2.94137E+03	 1.55632E+03
 2.94341E+03	 1.55472E+03
 2.94545E+03	 1.55440E+03
 2.94749E+03	 1.55074E+03
 2.94953E+03	 1.55488E+03
 2.95157E+03	 1.55412E+03
 2.95360E+03	 1.55356E+03
 2.95564E+03	 1.55614E+03
 2.95768E+03	 1.56022E+03
 2.95971E+03	 1.55456E+03
 2.96175E+03	 1.55684E+03
 2.96379E+03	 1.55654E+03
 2.96582E+03	 1.55726E+03
 2.96786E+03	 1.55376E+03
 2.96989E+03	 1.55482E+03
 2.97192E+03	 1.55388E+03
 2.97396E+03	 1.55800E+03
 2.97599E+03	 1.55690E+03
 2.97802E+03	 1.56042E+03
 2.98005E+03	 1.55496E+03
 2.98208E+03	 1.55852E+03
 2.98411E+03	 1.55812E+03
 2.98614E+03	 1.55840E+03
 2.98817E+03	 1.55742E+03
 2.99020E+03	 1.55918E+03
 2.99223E+03	 1.55900E+03
 2.99425E+03	 1.55904E+03
 2.99628E+03	 1.55736E+03
 2.99830E+03	 1.56066E+03
 3.00033E+03	 1.56020E+03
 3.00236E+03	 1.56280E+03
 3.00438E+03	 1.56010E+03
 3.00640E+03	 1.56212E+03
 3.00843E+03	 1.55846E+03
 3.01045E+03	 1.56280E+03
 3.01247E+03	 1.56298E+03
 3.01449E+03	 1.56202E+03
 3.01651E+03	 1.56230E+03
 3.01854E+03	 1.56660E+03
 3.02056E+03	 1.56512E+03
 3.02257E+03	 1.56298E+03
 3.02459E+03	 1.56594E+03
 3.02661E+03	 1.56624E+03
 3.02863E+03	 1.56378E+03
 3.03065E+03	 1.56468E+03
 3.03266E+03	 1.56470E+03
 3.03468E+03	 1.56840E+03
 3.03669E+03	 1.56562E+03
 3.03871E+03	 1.56816E+03
 3.04072E+03	 1.56440E+03
 3.04274E+03	 1.56942E+03
 3.04475E+03	 1.57136E+03
 3.04676E+03	 1.57378E+03
 3.04878E+03	 1.56470E+03
 3.05079E+03	 1.56470E+03
 3.05280E+03	 1.57048E+03
 3.05481E+03	 1.56794E+03
 3.05682E+03	 1.57248E+03
 3.05883E+03	 1.57096E+03
 3.06084E+03	 1.57000E+03
 3.06285E+03	 1.57132E+03
 3.06486E+03	 1.56894E+03
 3.06686E+03	 1.57414E+03
 3.06887E+03	 1.57338E+03
 3.07088E+03	 1.57032E+03
 3.07288E+03	 1.57658E+03
 3.07489E+03	 1.57710E+03
 3.07689E+03	 1.56868E+03
 3.07890E+03	 1.57464E+03
 3.08090E+03	 1.57774E+03
 3.08290E+03	 1.57288E+03
 3.08490E+03	 1.57272E+03
 3.08691E+03	 1.57400E+03
 3.08891E+03	 1.57258E+03
 3.09091E+03	 1.57240E+03
 3.09291E+03	 1.57598E+03
 3.09491E+03	 1.57096E+03
 3.09691E+03	 1.56982E+03
 3.09891E+03	 1.57512E+03
 3.10090E+03	 1.56970E+03
 3.10290E+03	 1.57384E+03
 3.10490E+03	 1.57644E+03
 3.10690E+03	 1.57556E+03
 3.10889E+03	 1.57306E+03
 3.11089E+03	 1.57374E+03
 3.11288E+03	 1.57562E+03
 3.11488E+03	 1.57464E+03
 3.11687E+03	 1.57692E+03
 3.11886E+03	 1.57800E+03
 3.12086E+03	 1.57602E+03
 3.12285E+03	 1.57710E+03
 3.12484E+03	 1.57058E+03
 3.12683E+03	 1.57874E+03
 3.12882E+03	 1.57574E+03
 3.13081E+03	 1.58434E+03
 3.13280E+03	 1.57656E+03
 3.13479E+03	 1.57340E+03
 3.13678E+03	 1.57540E+03
 3.13877E+03	 1.57462E+03
 3.14075E+03	 1.57374E+03
 3.14274E+03	 1.57504E+03
 3.14473E+03	 1.57798E+03
 3.14671E+03	 1.57640E+03
 3.14870E+03	 1.57762E+03
 3.15068E+03	 1.57802E+03
 3.15267E+03	 1.57652E+03
 3.15465E+03	 1.57598E+03
 3.15663E+03	 1.57634E+03
 3.15862E+03	 1.57652E+03
 3.16060E+03	 1.57654E+03
 3.16258E+03	 1.57944E+03
 3.16456E+03	 1.58094E+03
 3.16654E+03	 1.58188E+03
 3.16852E+03	 1.58058E+03
 3.17050E+03	 1.58318E+03
 3.17248E+03	 1.57750E+03
 3.17446E+03	 1.58174E+03
 3.17643E+03	 1.57576E+03
 3.17841E+03	 1.57996E+03
 3.18039E+03	 1.58650E+03
 3.18236E+03	 1.58284E+03
 3.18434E+03	 1.58510E+03
 3.18632E+03	 1.58138E+03
 3.18829E+03	 1.58432E+03
 3.19026E+03	 1.58398E+03
 3.19224E+03	 1.58748E+03
 3.19421E+03	 1.58504E+03
 3.19618E+03	 1.58624E+03
 3.19815E+03	 1.58302E+03
 3.20013E+03	 1.58400E+03
 3.20210E+03	 1.58748E+03
 3.20407E+03	 1.58634E+03
 3.20604E+03	 1.58948E+03
 3.20801E+03	 1.58384E+03
 3.20998E+03	 1.59028E+03
 3.21194E+03	 1.58890E+03
 3.21391E+03	 1.58870E+03
 3.21588E+03	 1.58980E+03
 3.21784E+03	 1.59162E+03
 3.21981E+03	 1.58776E+03
 3.22178E+03	 1.58868E+03
 3.22374E+03	 1.59192E+03
 3.22571E+03	 1.59362E+03
 3.22767E+03	 1.59358E+03
 3.22963E+03	 1.59412E+03
 3.23160E+03	 1.59304E+03
 3.23356E+03	 1.59554E+03
 3.23552E+03	 1.59312E+03
 3.23748E+03	 1.59632E+03
 3.23944E+03	 1.58938E+03
 3.24140E+03	 1.59892E+03
 3.24336E+03	 1.59986E+03
 3.24532E+03	 1.59470E+03
 3.24728E+03	 1.59616E+03
 3.24924E+03	 1.59704E+03
 3.25120E+03	 1.59792E+03
 3.25315E+03	 1.59626E+03
 3.25511E+03	 1.59652E+03
 3.25707E+03	 1.59360E+03
 3.25902E+03	 1.59594E+03
 3.26098E+03	 1.59548E+03
 3.26293E+03	 1.59360E+03
 3.26489E+03	 1.59284E+03
 3.26684E+03	 1.59560E+03
 3.26879E+03	 1.59448E+03
 3.27075E+03	 1.59572E+03
 3.27270E+03	 1.59986E+03
 3.27465E+03	 1.59430E+03
 3.27660E+03	 1.60054E+03
 3.27855E+03	 1.59880E+03
 3.28050E+03	 1.59444E+03
 3.28245E+03	 1.59580E+03
 3.28440E+03	 1.60050E+03
 3.28635E+03	 1.59614E+03
 3.28829E+03	 1.60032E+03
 3.29024E+03	 1.60124E+03
 3.29219E+03	 1.59352E+03
 3.29413E+03	 1.59986E+03
 3.29608E+03	 1.59548E+03
 3.29803E+03	 1.59926E+03
 3.29997E+03	 1.60114E+03
 3.30191E+03	 1.60174E+03
 3.30386E+03	 1.59152E+03
 3.30580E+03	 1.59668E+03
 3.30774E+03	 1.59866E+03
 3.30969E+03	 1.59600E+03
 3.31163E+03	 1.59770E+03
 3.31357E+03	 1.59976E+03
 3.31551E+03	 1.60294E+03
 3.31745E+03	 1.60174E+03
 3.31939E+03	 1.59908E+03
 3.32133E+03	 1.59950E+03
 3.32327E+03	 1.59826E+03
 3.32520E+03	 1.60676E+03
 3.32714E+03	 1.59926E+03
 3.32908E+03	 1.59846E+03
 3.33102E+03	 1.59874E+03
 3.33295E+03	 1.60058E+03
 3.33489E+03	 1.60484E+03
 3.33682E+03	 1.60344E+03
 3.33876E+03	 1.60508E+03
 3.34069E+03	 1.59852E+03
 3.34262E+03	 1.60672E+03
 3.34456E+03	 1.60556E+03
 3.34649E+03	 1.60794E+03
 3.34842E+03	 1.60552E+03
 3.35035E+03	 1.60336E+03
 3.35228E+03	 1.60378E+03
 3.35421E+03	 1.60590E+03
 3.35614E+03	 1.60786E+03
 3.35807E+03	 1.60706E+03
 3.36000E+03	 1.61264E+03
 3.36193E+03	 1.60634E+03
 3.36386E+03	 1.60800E+03
 3.36578E+03	 1.60900E+03
 3.36771E+03	 1.60804E+03
 3.36964E+03	 1.61134E+03
 3.37156E+03	 1.61452E+03
 3.37349E+03	 1.60740E+03
 3.37541E+03	 1.60858E+03
 3.37734E+03	 1.61460E+03
 3.37926E+03	 1.61554E+03
 3.38118E+03	 1.61366E+03
 3.38311E+03	 1.61634E+03
 3.38503E+03	 1.61580E+03
 3.38695E+03	 1.61432E+03
 3.38887E+03	 1.61368E+03
 3.39079E+03	 1.61704E+03
 3.39271E+03	 1.61258E+03
 3.39463E+03	 1.61800E+03
 3.39655E+03	 1.62190E+03
 3.39847E+03	 1.62310E+03
 3.40039E+03	 1.61346E+03
 3.40231E+03	 1.61822E+03
 3.40422E+03	 1.62232E+03
 3.40614E+03	 1.61396E+03
 3.40806E+03	 1.62396E+03
 3.40997E+03	 1.62184E+03
 3.41189E+03	 1.61990E+03
 3.41380E+03	 1.62198E+03
 3.41571E+03	 1.61868E+03
 3.41763E+03	 1.62456E+03
 3.41954E+03	 1.62106E+03
 3.42145E+03	 1.62288E+03
 3.42337E+03	 1.62396E+03
 3.42528E+03	 1.62580E+03
 3.42719E+03	 1.62468E+03
 3.42910E+03	 1.63012E+03
 3.43101E+03	 1.61480E+03
 3.43292E+03	 1.62356E+03
 3.43483E+03	 1.62224E+03
 3.43674E+03	 1.62324E+03
 3.43864E+03	 1.62666E+03
 3.44055E+03	 1.62546E+03
 3.44246E+03	 1.62090E+03
 3.44437E+03	 1.62234E+03
 3.44627E+03	 1.62292E+03
 3.44818E+03	 1.62386E+03
 3.45008E+03	 1.62720E+03
 3.45199E+03	 1.62180E+03
 3.45389E+03	 1.62426E+03
 3.45579E+03	 1.62320E+03
 3.45770E+03	 1.62218E+03
 3.45960E+03	 1.62536E+03
 3.46150E+03	 1.61844E+03
 3.46340E+03	 1.62200E+03
 3.46530E+03	 1.62562E+03
 3.46721E+03	 1.62840E+03
 3.46911E+03	 1.62576E+03
 3.47101E+03	 1.63152E+03
 3.47290E+03	 1.62300E+03
 3.47480E+03	 1.61976E+03
 3.47670E+03	 1.62906E+03
 3.47860E+03	 1.62964E+03
 3.48050E+03	 1.62794E+03
 3.48239E+03	 1.62974E+03
 3.48429E+03	 1.62398E+03
 3.48618E+03	 1.63080E+03
 3.48808E+03	 1.63292E+03
 3.48997E+03	 1.62984E+03
 3.49187E+03	 1.62724E+03
 3.49376E+03	 1.63130E+03
 3.49565E+03	 1.63258E+03
 3.49755E+03	 1.62888E+03
 3.49944E+03	 1.63018E+03
 3.50133E+03	 1.62898E+03
 3.50322E+03	 1.63020E+03
 3.50511E+03	 1.63406E+03
 3.50700E+03	 1.63210E+03
 3.50889E+03	 1.63198E+03
 3.51078E+03	 1.63398E+03
 3.51267E+03	 1.63120E+03
 3.51456E+03	 1.63246E+03
 3.51645E+03	 1.63500E+03
 3.51833E+03	 1.63632E+03
 3.52022E+03	 1.63440E+03
 3.52211E+03	 1.63476E+03
 3.52399E+03	 1.63564E+03
 3.52588E+03	 1.64050E+03
 3.52776E+03	 1.62788E+03
 3.52965E+03	 1.63374E+03
 3.53153E+03	 1.63702E+03
 3.53341E+03	 1.63648E+03
 3.53530E+03	 1.63836E+03
 3.53718E+03	 1.63700E+03
 3.53906E+03	 1.63934E+03
 3.54094E+03	 1.63870E+03
 3.54282E+03	 1.63650E+03
 3.54470E+03	 1.63686E+03
 3.54658E+03	 1.64016E+03
 3.54846E+03	 1.63756E+03
 3.55034E+03	 1.63834E+03
 3.55222E+03	 1.63948E+03
 3.55410E+03	 1.64220E+03
 3.55598E+03	 1.64236E+03
 3.55785E+03	 1.64630E+03
 3.55973E+03	 1.64050E+03
 3.56161E+03	 1.64334E+03
 3.56348E+03	 1.64570E+03
 3.56536E+03	 1.64536E+03
 3.56723E+03	 1.64692E+03
 3.56910E+03	 1.64646E+03
 3.57098E+03	 1.64772E+03
 3.57285E+03	 1.64584E+03
 3.57472E+03	 1.64574E+03
 3.57660E+03	 1.64608E+03
 3.57847E+03	 1.64362E+03
 3.58034E+03	 1.64774E+03
 3.58221E+03	 1.64946E+03
 3.58408E+03	 1.64804E+03
 3.58595E+03	 1.65502E+03
 3.58782E+03	 1.64340E+03
 3.58969E+03	 1.64776E+03
 3.59156E+03	 1.65084E+03
 3.59342E+03	 1.64628E+03
 3.59529E+03	 1.65086E+03
 3.59716E+03	 1.64872E+03
 3.59902E+03	 1.64724E+03
 3.60089E+03	 1.64984E+03
 3.60275E+03	 1.65234E+03
 3.60462E+03	 1.65264E+03
 3.60648E+03	 1.64712E+03
 3.60835E+03	 1.64696E+03
 3.61021E+03	 1.65710E+03
 3.61207E+03	 1.66068E+03
 3.61394E+03	 1.65552E+03
 3.61580E+03	 1.64670E+03
 3.61766E+03	 1.65158E+03
 3.61952E+03	 1.65086E+03
 3.62138E+03	 1.65292E+03
 3.62324E+03	 1.65364E+03
 3.62510E+03	 1.65182E+03
 3.62696E+03	 1.65424E+03
 3.62882E+03	 1.65050E+03
 3.63068E+03	 1.65312E+03
 3.63254E+03	 1.65736E+03
 3.63439E+03	 1.65496E+03
 3.63625E+03	 1.65830E+03
 3.63811E+03	 1.64684E+03
 3.63996E+03	 1.65566E+03
 3.64182E+03	 1.65556E+03
 3.64367E+03	 1.65434E+03
 3.64553E+03	 1.65378E+03
 3.64738E+03	 1.65960E+03
 3.64923E+03	 1.65466E+03
 3.65109E+03	 1.66178E+03
 3.65294E+03	 1.65628E+03
 3.65479E+03	 1.66194E+03
 3.65664E+03	 1.65628E+03
 3.65849E+03	 1.66234E+03
 3.66034E+03	 1.66178E+03
 3.66219E+03	 1.66270E+03
 3.66404E+03	 1.66192E+03
 3.66589E+03	 1.66464E+03
 3.66774E+03	 1.66522E+03
 3.66959E+03	 1.66266E+03
 3.67144E+03	 1.66102E+03
 3.67328E+03	 1.66360E+03
 3.67513E+03	 1.66602E+03
 3.67698E+03	 1.66718E+03
 3.67882E+03	 1.66634E+03
 3.68067E+03	 1.66764E+03
 3.68251E+03	 1.66976E+03
 3.68436E+03	 1.66740E+03
 3.68620E+03	 1.66846E+03
 3.68804E+03	 1.66988E+03
 3.68989E+03	 1.67094E+03
 3.69173E+03	 1.67040E+03
 3.69357E+03	 1.66612E+03
 3.69541E+03	 1.67126E+03
 3.69725E+03	 1.66712E+03
 3.69909E+03	 1.67104E+03
 3.70093E+03	 1.67132E+03
 3.70277E+03	 1.66594E+03
 3.70461E+03	 1.67150E+03
 3.70645E+03	 1.67790E+03
 3.70829E+03	 1.67530E+03
 3.71013E+03	 1.66856E+03
 3.71197E+03	 1.67020E+03
 3.71380E+03	 1.67196E+03
 3.71564E+03	 1.67564E+03
 3.71747E+03	 1.67684E+03
 3.71931E+03	 1.67618E+03
 3.72115E+03	 1.67714E+03
 3.72298E+03	 1.67282E+03
 3.72481E+03	 1.67060E+03
 3.72665E+03	 1.67688E+03
 3.72848E+03	 1.67826E+03
 3.73031E+03	 1.67694E+03
 3.73214E+03	 1.67536E+03
