//Exported ASCII-File
[Header]
FileName = D:\User\JN 25\JN25045\Alex Leide annealing\REFEL Ne 300 2,5dpa\REFEL Ne 300 2,5dpa anneal.wip
GraphName = REFEL Ne 300 2,5dpa-1200 s--Spectrum--036--Spec.Data 1
SizeX = 1
SizeY = 1
SizeGraph = 1600
PositionUnit = 痠
PositionX = 5713.80000002328
PositionY = 10044.0000000233
PositionZ = 9.33
XAxisUnit = rel. 1/cm
DataUnit = CCD cts

[Data]
X-Axis	REFEL Ne 300 2,5dpa-1200 s--Spectrum--036--Spec.Data 1
 2.65845E+01	 1.34760E+03
 2.95325E+01	 1.34710E+03
 3.24795E+01	 1.34812E+03
 3.54254E+01	 1.34638E+03
 3.83703E+01	 1.34740E+03
 4.13142E+01	 1.34606E+03
 4.42570E+01	 1.34726E+03
 4.71989E+01	 1.34830E+03
 5.01397E+01	 1.34828E+03
 5.30795E+01	 1.34800E+03
 5.60182E+01	 1.34754E+03
 5.89559E+01	 1.34996E+03
 6.18927E+01	 1.35574E+03
 6.48283E+01	 1.37100E+03
 6.77630E+01	 1.39414E+03
 7.06967E+01	 1.41490E+03
 7.36293E+01	 1.43250E+03
 7.65609E+01	 1.44162E+03
 7.94915E+01	 1.44444E+03
 8.24211E+01	 1.44134E+03
 8.53496E+01	 1.44602E+03
 8.82771E+01	 1.44536E+03
 9.12037E+01	 1.44678E+03
 9.41292E+01	 1.44798E+03
 9.70536E+01	 1.44738E+03
 9.99771E+01	 1.44846E+03
 1.02900E+02	 1.44812E+03
 1.05821E+02	 1.45032E+03
 1.08741E+02	 1.44944E+03
 1.11661E+02	 1.44996E+03
 1.14579E+02	 1.44992E+03
 1.17497E+02	 1.45092E+03
 1.20413E+02	 1.45360E+03
 1.23328E+02	 1.45852E+03
 1.26243E+02	 1.45754E+03
 1.29156E+02	 1.45956E+03
 1.32068E+02	 1.45748E+03
 1.34980E+02	 1.45816E+03
 1.37890E+02	 1.45702E+03
 1.40799E+02	 1.46326E+03
 1.43708E+02	 1.46244E+03
 1.46615E+02	 1.46034E+03
 1.49521E+02	 1.46474E+03
 1.52427E+02	 1.46094E+03
 1.55331E+02	 1.46170E+03
 1.58234E+02	 1.46112E+03
 1.61137E+02	 1.46386E+03
 1.64038E+02	 1.46384E+03
 1.66938E+02	 1.46508E+03
 1.69837E+02	 1.46420E+03
 1.72736E+02	 1.46420E+03
 1.75633E+02	 1.46200E+03
 1.78529E+02	 1.46652E+03
 1.81425E+02	 1.46624E+03
 1.84319E+02	 1.46406E+03
 1.87212E+02	 1.46782E+03
 1.90105E+02	 1.46654E+03
 1.92996E+02	 1.46874E+03
 1.95886E+02	 1.46242E+03
 1.98775E+02	 1.46608E+03
 2.01664E+02	 1.46524E+03
 2.04551E+02	 1.46766E+03
 2.07437E+02	 1.46530E+03
 2.10323E+02	 1.46498E+03
 2.13207E+02	 1.46526E+03
 2.16090E+02	 1.46382E+03
 2.18973E+02	 1.46892E+03
 2.21854E+02	 1.46932E+03
 2.24735E+02	 1.46522E+03
 2.27614E+02	 1.46546E+03
 2.30492E+02	 1.46502E+03
 2.33370E+02	 1.46476E+03
 2.36246E+02	 1.46930E+03
 2.39122E+02	 1.46492E+03
 2.41996E+02	 1.46800E+03
 2.44870E+02	 1.46460E+03
 2.47742E+02	 1.46522E+03
 2.50614E+02	 1.46620E+03
 2.53484E+02	 1.46700E+03
 2.56354E+02	 1.46366E+03
 2.59222E+02	 1.46642E+03
 2.62090E+02	 1.46526E+03
 2.64956E+02	 1.46500E+03
 2.67822E+02	 1.46330E+03
 2.70687E+02	 1.46098E+03
 2.73550E+02	 1.46610E+03
 2.76413E+02	 1.46846E+03
 2.79275E+02	 1.46568E+03
 2.82135E+02	 1.46442E+03
 2.84995E+02	 1.46624E+03
 2.87854E+02	 1.46434E+03
 2.90711E+02	 1.46280E+03
 2.93568E+02	 1.46302E+03
 2.96424E+02	 1.46486E+03
 2.99279E+02	 1.46372E+03
 3.02133E+02	 1.46478E+03
 3.04986E+02	 1.46310E+03
 3.07838E+02	 1.46374E+03
 3.10689E+02	 1.46376E+03
 3.13538E+02	 1.46414E+03
 3.16387E+02	 1.46194E+03
 3.19236E+02	 1.46058E+03
 3.22083E+02	 1.46476E+03
 3.24929E+02	 1.46176E+03
 3.27774E+02	 1.46064E+03
 3.30618E+02	 1.46182E+03
 3.33461E+02	 1.46210E+03
 3.36303E+02	 1.45946E+03
 3.39145E+02	 1.46156E+03
 3.41985E+02	 1.46254E+03
 3.44824E+02	 1.46148E+03
 3.47663E+02	 1.46318E+03
 3.50500E+02	 1.46208E+03
 3.53336E+02	 1.45812E+03
 3.56172E+02	 1.45774E+03
 3.59006E+02	 1.46172E+03
 3.61840E+02	 1.46360E+03
 3.64672E+02	 1.46424E+03
 3.67504E+02	 1.46020E+03
 3.70335E+02	 1.46164E+03
 3.73164E+02	 1.46296E+03
 3.75993E+02	 1.46464E+03
 3.78821E+02	 1.46230E+03
 3.81648E+02	 1.46256E+03
 3.84473E+02	 1.46234E+03
 3.87298E+02	 1.46248E+03
 3.90122E+02	 1.46450E+03
 3.92945E+02	 1.46514E+03
 3.95767E+02	 1.46032E+03
 3.98588E+02	 1.46130E+03
 4.01408E+02	 1.46154E+03
 4.04227E+02	 1.46458E+03
 4.07046E+02	 1.46188E+03
 4.09863E+02	 1.46082E+03
 4.12679E+02	 1.46416E+03
 4.15494E+02	 1.46210E+03
 4.18309E+02	 1.46168E+03
 4.21122E+02	 1.46470E+03
 4.23935E+02	 1.45984E+03
 4.26746E+02	 1.46112E+03
 4.29557E+02	 1.46388E+03
 4.32366E+02	 1.46196E+03
 4.35175E+02	 1.46158E+03
 4.37983E+02	 1.46308E+03
 4.40790E+02	 1.46796E+03
 4.43595E+02	 1.46530E+03
 4.46400E+02	 1.46826E+03
 4.49204E+02	 1.46512E+03
 4.52007E+02	 1.47054E+03
 4.54809E+02	 1.46892E+03
 4.57610E+02	 1.46758E+03
 4.60410E+02	 1.47352E+03
 4.63210E+02	 1.47172E+03
 4.66008E+02	 1.47156E+03
 4.68805E+02	 1.47590E+03
 4.71602E+02	 1.47496E+03
 4.74397E+02	 1.48150E+03
 4.77192E+02	 1.48562E+03
 4.79985E+02	 1.48636E+03
 4.82778E+02	 1.49506E+03
 4.85569E+02	 1.50170E+03
 4.88360E+02	 1.49816E+03
 4.91150E+02	 1.49890E+03
 4.93939E+02	 1.49582E+03
 4.96727E+02	 1.49164E+03
 4.99514E+02	 1.48976E+03
 5.02300E+02	 1.48462E+03
 5.05085E+02	 1.48374E+03
 5.07869E+02	 1.48134E+03
 5.10652E+02	 1.48068E+03
 5.13435E+02	 1.47718E+03
 5.16216E+02	 1.47642E+03
 5.18996E+02	 1.47698E+03
 5.21776E+02	 1.47668E+03
 5.24554E+02	 1.47342E+03
 5.27332E+02	 1.47478E+03
 5.30109E+02	 1.47274E+03
 5.32885E+02	 1.47310E+03
 5.35659E+02	 1.47062E+03
 5.38433E+02	 1.47194E+03
 5.41206E+02	 1.46972E+03
 5.43978E+02	 1.47080E+03
 5.46750E+02	 1.46560E+03
 5.49520E+02	 1.46922E+03
 5.52289E+02	 1.46800E+03
 5.55057E+02	 1.46968E+03
 5.57825E+02	 1.46578E+03
 5.60591E+02	 1.46756E+03
 5.63357E+02	 1.46548E+03
 5.66122E+02	 1.46442E+03
 5.68885E+02	 1.46530E+03
 5.71648E+02	 1.46346E+03
 5.74410E+02	 1.46338E+03
 5.77171E+02	 1.46380E+03
 5.79931E+02	 1.46320E+03
 5.82690E+02	 1.46138E+03
 5.85448E+02	 1.46120E+03
 5.88206E+02	 1.46228E+03
 5.90962E+02	 1.46106E+03
 5.93717E+02	 1.46002E+03
 5.96472E+02	 1.46092E+03
 5.99225E+02	 1.46032E+03
 6.01978E+02	 1.45904E+03
 6.04730E+02	 1.45858E+03
 6.07481E+02	 1.45652E+03
 6.10231E+02	 1.45774E+03
 6.12980E+02	 1.46062E+03
 6.15728E+02	 1.45916E+03
 6.18475E+02	 1.45882E+03
 6.21221E+02	 1.45970E+03
 6.23967E+02	 1.45858E+03
 6.26711E+02	 1.45768E+03
 6.29454E+02	 1.45954E+03
 6.32197E+02	 1.46102E+03
 6.34939E+02	 1.46152E+03
 6.37680E+02	 1.46034E+03
 6.40419E+02	 1.46108E+03
 6.43158E+02	 1.46122E+03
 6.45896E+02	 1.46404E+03
 6.48634E+02	 1.46194E+03
 6.51370E+02	 1.45710E+03
 6.54105E+02	 1.45904E+03
 6.56840E+02	 1.46340E+03
 6.59573E+02	 1.46030E+03
 6.62306E+02	 1.45976E+03
 6.65037E+02	 1.46162E+03
 6.67768E+02	 1.46196E+03
 6.70498E+02	 1.45846E+03
 6.73227E+02	 1.45980E+03
 6.75955E+02	 1.46076E+03
 6.78682E+02	 1.45994E+03
 6.81409E+02	 1.46062E+03
 6.84134E+02	 1.46366E+03
 6.86858E+02	 1.46488E+03
 6.89582E+02	 1.46428E+03
 6.92305E+02	 1.46406E+03
 6.95026E+02	 1.46596E+03
 6.97747E+02	 1.46718E+03
 7.00467E+02	 1.46478E+03
 7.03186E+02	 1.46902E+03
 7.05905E+02	 1.46986E+03
 7.08622E+02	 1.46684E+03
 7.11338E+02	 1.46874E+03
 7.14054E+02	 1.47060E+03
 7.16768E+02	 1.47462E+03
 7.19482E+02	 1.47164E+03
 7.22195E+02	 1.47544E+03
 7.24907E+02	 1.47066E+03
 7.27618E+02	 1.47616E+03
 7.30328E+02	 1.47610E+03
 7.33037E+02	 1.47788E+03
 7.35745E+02	 1.48022E+03
 7.38453E+02	 1.47676E+03
 7.41159E+02	 1.48160E+03
 7.43865E+02	 1.48398E+03
 7.46569E+02	 1.48244E+03
 7.49273E+02	 1.48814E+03
 7.51976E+02	 1.48652E+03
 7.54678E+02	 1.48696E+03
 7.57379E+02	 1.48900E+03
 7.60080E+02	 1.48812E+03
 7.62779E+02	 1.49042E+03
 7.65478E+02	 1.48874E+03
 7.68175E+02	 1.48802E+03
 7.70872E+02	 1.48908E+03
 7.73568E+02	 1.48390E+03
 7.76263E+02	 1.48346E+03
 7.78957E+02	 1.47634E+03
 7.81650E+02	 1.48058E+03
 7.84342E+02	 1.47548E+03
 7.87034E+02	 1.47728E+03
 7.89724E+02	 1.47146E+03
 7.92414E+02	 1.47626E+03
 7.95103E+02	 1.47652E+03
 7.97791E+02	 1.47012E+03
 8.00478E+02	 1.46972E+03
 8.03164E+02	 1.47064E+03
 8.05849E+02	 1.47312E+03
 8.08533E+02	 1.46866E+03
 8.11217E+02	 1.47326E+03
 8.13899E+02	 1.47174E+03
 8.16581E+02	 1.47312E+03
 8.19262E+02	 1.47430E+03
 8.21942E+02	 1.47726E+03
 8.24621E+02	 1.47358E+03
 8.27299E+02	 1.47492E+03
 8.29977E+02	 1.47310E+03
 8.32653E+02	 1.47386E+03
 8.35329E+02	 1.47366E+03
 8.38003E+02	 1.47500E+03
 8.40677E+02	 1.47532E+03
 8.43350E+02	 1.47324E+03
 8.46022E+02	 1.47918E+03
 8.48693E+02	 1.47520E+03
 8.51364E+02	 1.47774E+03
 8.54033E+02	 1.47458E+03
 8.56702E+02	 1.47574E+03
 8.59370E+02	 1.47966E+03
 8.62036E+02	 1.47608E+03
 8.64702E+02	 1.47736E+03
 8.67367E+02	 1.48160E+03
 8.70032E+02	 1.48168E+03
 8.72695E+02	 1.48286E+03
 8.75358E+02	 1.48126E+03
 8.78019E+02	 1.48106E+03
 8.80680E+02	 1.48226E+03
 8.83340E+02	 1.47954E+03
 8.85999E+02	 1.48054E+03
 8.88657E+02	 1.48280E+03
 8.91314E+02	 1.48440E+03
 8.93971E+02	 1.47976E+03
 8.96626E+02	 1.48686E+03
 8.99281E+02	 1.48602E+03
 9.01935E+02	 1.48334E+03
 9.04588E+02	 1.48426E+03
 9.07240E+02	 1.48464E+03
 9.09891E+02	 1.48878E+03
 9.12541E+02	 1.48662E+03
 9.15191E+02	 1.48518E+03
 9.17840E+02	 1.48822E+03
 9.20487E+02	 1.48426E+03
 9.23134E+02	 1.48614E+03
 9.25780E+02	 1.48742E+03
 9.28426E+02	 1.48330E+03
 9.31070E+02	 1.48308E+03
 9.33714E+02	 1.48178E+03
 9.36356E+02	 1.48190E+03
 9.38998E+02	 1.48404E+03
 9.41639E+02	 1.47642E+03
 9.44279E+02	 1.47676E+03
 9.46918E+02	 1.47800E+03
 9.49557E+02	 1.47792E+03
 9.52194E+02	 1.47294E+03
 9.54831E+02	 1.47518E+03
 9.57466E+02	 1.47346E+03
 9.60101E+02	 1.47272E+03
 9.62735E+02	 1.47152E+03
 9.65369E+02	 1.47370E+03
 9.68001E+02	 1.47160E+03
 9.70633E+02	 1.47098E+03
 9.73263E+02	 1.47630E+03
 9.75893E+02	 1.47016E+03
 9.78522E+02	 1.47212E+03
 9.81150E+02	 1.47416E+03
 9.83777E+02	 1.47516E+03
 9.86404E+02	 1.47352E+03
 9.89029E+02	 1.47508E+03
 9.91654E+02	 1.47558E+03
 9.94278E+02	 1.47532E+03
 9.96901E+02	 1.47214E+03
 9.99523E+02	 1.47224E+03
 1.00214E+03	 1.47228E+03
 1.00477E+03	 1.47688E+03
 1.00738E+03	 1.47902E+03
 1.01000E+03	 1.47470E+03
 1.01262E+03	 1.47500E+03
 1.01524E+03	 1.47144E+03
 1.01785E+03	 1.47464E+03
 1.02047E+03	 1.47624E+03
 1.02308E+03	 1.47582E+03
 1.02570E+03	 1.47678E+03
 1.02831E+03	 1.47086E+03
 1.03092E+03	 1.47518E+03
 1.03353E+03	 1.47886E+03
 1.03614E+03	 1.47856E+03
 1.03875E+03	 1.47344E+03
 1.04136E+03	 1.47994E+03
 1.04397E+03	 1.47778E+03
 1.04658E+03	 1.47604E+03
 1.04918E+03	 1.47924E+03
 1.05179E+03	 1.47728E+03
 1.05439E+03	 1.47610E+03
 1.05700E+03	 1.47896E+03
 1.05960E+03	 1.47906E+03
 1.06220E+03	 1.47570E+03
 1.06480E+03	 1.47810E+03
 1.06740E+03	 1.47688E+03
 1.07000E+03	 1.48068E+03
 1.07260E+03	 1.47682E+03
 1.07520E+03	 1.47682E+03
 1.07780E+03	 1.47900E+03
 1.08039E+03	 1.47832E+03
 1.08299E+03	 1.48346E+03
 1.08558E+03	 1.47896E+03
 1.08818E+03	 1.47844E+03
 1.09077E+03	 1.47846E+03
 1.09336E+03	 1.47896E+03
 1.09595E+03	 1.48144E+03
 1.09854E+03	 1.48086E+03
 1.10113E+03	 1.47962E+03
 1.10372E+03	 1.47960E+03
 1.10631E+03	 1.47808E+03
 1.10890E+03	 1.48068E+03
 1.11148E+03	 1.48036E+03
 1.11407E+03	 1.48354E+03
 1.11665E+03	 1.48292E+03
 1.11924E+03	 1.48166E+03
 1.12182E+03	 1.48352E+03
 1.12440E+03	 1.48424E+03
 1.12698E+03	 1.48188E+03
 1.12956E+03	 1.48664E+03
 1.13214E+03	 1.48384E+03
 1.13472E+03	 1.48474E+03
 1.13730E+03	 1.48532E+03
 1.13987E+03	 1.48248E+03
 1.14245E+03	 1.48488E+03
 1.14503E+03	 1.48482E+03
 1.14760E+03	 1.48312E+03
 1.15017E+03	 1.48432E+03
 1.15275E+03	 1.48768E+03
 1.15532E+03	 1.48618E+03
 1.15789E+03	 1.48674E+03
 1.16046E+03	 1.48762E+03
 1.16303E+03	 1.48432E+03
 1.16560E+03	 1.48616E+03
 1.16817E+03	 1.48862E+03
 1.17074E+03	 1.48856E+03
 1.17330E+03	 1.48632E+03
 1.17587E+03	 1.48620E+03
 1.17843E+03	 1.48756E+03
 1.18100E+03	 1.48724E+03
 1.18356E+03	 1.48828E+03
 1.18612E+03	 1.48692E+03
 1.18868E+03	 1.48872E+03
 1.19124E+03	 1.48790E+03
 1.19380E+03	 1.49062E+03
 1.19636E+03	 1.48850E+03
 1.19892E+03	 1.49294E+03
 1.20148E+03	 1.48824E+03
 1.20404E+03	 1.48918E+03
 1.20659E+03	 1.48792E+03
 1.20915E+03	 1.49114E+03
 1.21170E+03	 1.48920E+03
 1.21425E+03	 1.48706E+03
 1.21681E+03	 1.48812E+03
 1.21936E+03	 1.49060E+03
 1.22191E+03	 1.49190E+03
 1.22446E+03	 1.49502E+03
 1.22701E+03	 1.49042E+03
 1.22956E+03	 1.49080E+03
 1.23210E+03	 1.49160E+03
 1.23465E+03	 1.49268E+03
 1.23720E+03	 1.49382E+03
 1.23974E+03	 1.49258E+03
 1.24229E+03	 1.49750E+03
 1.24483E+03	 1.49154E+03
 1.24737E+03	 1.49066E+03
 1.24992E+03	 1.49422E+03
 1.25246E+03	 1.49280E+03
 1.25500E+03	 1.49240E+03
 1.25754E+03	 1.49276E+03
 1.26008E+03	 1.49420E+03
 1.26261E+03	 1.49146E+03
 1.26515E+03	 1.49610E+03
 1.26769E+03	 1.49094E+03
 1.27022E+03	 1.49334E+03
 1.27276E+03	 1.49078E+03
 1.27529E+03	 1.49200E+03
 1.27783E+03	 1.49094E+03
 1.28036E+03	 1.49174E+03
 1.28289E+03	 1.49204E+03
 1.28542E+03	 1.49666E+03
 1.28795E+03	 1.49580E+03
 1.29048E+03	 1.49212E+03
 1.29301E+03	 1.49286E+03
 1.29554E+03	 1.49364E+03
 1.29806E+03	 1.49578E+03
 1.30059E+03	 1.49120E+03
 1.30311E+03	 1.49658E+03
 1.30564E+03	 1.49236E+03
 1.30816E+03	 1.49766E+03
 1.31069E+03	 1.49436E+03
 1.31321E+03	 1.49456E+03
 1.31573E+03	 1.49566E+03
 1.31825E+03	 1.49968E+03
 1.32077E+03	 1.50092E+03
 1.32329E+03	 1.49706E+03
 1.32581E+03	 1.49762E+03
 1.32832E+03	 1.49942E+03
 1.33084E+03	 1.49900E+03
 1.33336E+03	 1.49728E+03
 1.33587E+03	 1.50230E+03
 1.33838E+03	 1.50062E+03
 1.34090E+03	 1.50376E+03
 1.34341E+03	 1.50218E+03
 1.34592E+03	 1.49974E+03
 1.34843E+03	 1.50652E+03
 1.35094E+03	 1.50234E+03
 1.35345E+03	 1.50110E+03
 1.35596E+03	 1.50254E+03
 1.35847E+03	 1.50300E+03
 1.36098E+03	 1.50156E+03
 1.36348E+03	 1.50572E+03
 1.36599E+03	 1.50232E+03
 1.36849E+03	 1.50358E+03
 1.37100E+03	 1.50350E+03
 1.37350E+03	 1.50182E+03
 1.37600E+03	 1.50434E+03
 1.37850E+03	 1.50270E+03
 1.38100E+03	 1.50256E+03
 1.38350E+03	 1.50150E+03
 1.38600E+03	 1.50342E+03
 1.38850E+03	 1.50604E+03
 1.39100E+03	 1.50532E+03
 1.39350E+03	 1.50848E+03
 1.39599E+03	 1.50300E+03
 1.39849E+03	 1.50016E+03
 1.40098E+03	 1.50072E+03
 1.40348E+03	 1.50580E+03
 1.40597E+03	 1.50610E+03
 1.40846E+03	 1.50392E+03
 1.41095E+03	 1.50656E+03
 1.41344E+03	 1.50120E+03
 1.41593E+03	 1.50600E+03
 1.41842E+03	 1.50816E+03
 1.42091E+03	 1.50576E+03
 1.42340E+03	 1.51102E+03
 1.42588E+03	 1.50676E+03
 1.42837E+03	 1.50844E+03
 1.43086E+03	 1.50758E+03
 1.43334E+03	 1.50654E+03
 1.43582E+03	 1.51336E+03
 1.43831E+03	 1.51306E+03
 1.44079E+03	 1.51396E+03
 1.44327E+03	 1.51018E+03
 1.44575E+03	 1.50978E+03
 1.44823E+03	 1.50796E+03
 1.45071E+03	 1.50948E+03
 1.45319E+03	 1.50958E+03
 1.45566E+03	 1.50986E+03
 1.45814E+03	 1.50956E+03
 1.46062E+03	 1.51160E+03
 1.46309E+03	 1.51044E+03
 1.46557E+03	 1.51114E+03
 1.46804E+03	 1.50990E+03
 1.47051E+03	 1.51154E+03
 1.47298E+03	 1.51030E+03
 1.47546E+03	 1.51226E+03
 1.47793E+03	 1.51066E+03
 1.48040E+03	 1.50952E+03
 1.48286E+03	 1.50908E+03
 1.48533E+03	 1.51294E+03
 1.48780E+03	 1.50768E+03
 1.49027E+03	 1.50838E+03
 1.49273E+03	 1.51096E+03
 1.49520E+03	 1.51038E+03
 1.49766E+03	 1.51154E+03
 1.50013E+03	 1.51028E+03
 1.50259E+03	 1.51242E+03
 1.50505E+03	 1.51376E+03
 1.50751E+03	 1.51100E+03
 1.50997E+03	 1.51150E+03
 1.51243E+03	 1.51274E+03
 1.51489E+03	 1.51496E+03
 1.51735E+03	 1.51810E+03
 1.51981E+03	 1.51594E+03
 1.52226E+03	 1.51490E+03
 1.52472E+03	 1.51862E+03
 1.52718E+03	 1.51904E+03
 1.52963E+03	 1.51910E+03
 1.53208E+03	 1.51388E+03
 1.53454E+03	 1.51594E+03
 1.53699E+03	 1.51576E+03
 1.53944E+03	 1.51824E+03
 1.54189E+03	 1.51674E+03
 1.54434E+03	 1.52114E+03
 1.54679E+03	 1.52146E+03
 1.54924E+03	 1.52088E+03
 1.55169E+03	 1.52502E+03
 1.55413E+03	 1.52102E+03
 1.55658E+03	 1.52132E+03
 1.55902E+03	 1.52184E+03
 1.56147E+03	 1.52324E+03
 1.56391E+03	 1.52244E+03
 1.56636E+03	 1.52368E+03
 1.56880E+03	 1.52634E+03
 1.57124E+03	 1.52424E+03
 1.57368E+03	 1.52484E+03
 1.57612E+03	 1.52510E+03
 1.57856E+03	 1.52510E+03
 1.58100E+03	 1.52530E+03
 1.58344E+03	 1.52600E+03
 1.58587E+03	 1.52618E+03
 1.58831E+03	 1.52956E+03
 1.59074E+03	 1.52724E+03
 1.59318E+03	 1.52720E+03
 1.59561E+03	 1.52670E+03
 1.59805E+03	 1.52504E+03
 1.60048E+03	 1.52794E+03
 1.60291E+03	 1.52122E+03
 1.60534E+03	 1.52162E+03
 1.60777E+03	 1.52444E+03
 1.61020E+03	 1.52380E+03
 1.61263E+03	 1.52430E+03
 1.61506E+03	 1.52742E+03
 1.61749E+03	 1.52404E+03
 1.61991E+03	 1.52468E+03
 1.62234E+03	 1.51880E+03
 1.62476E+03	 1.52470E+03
 1.62719E+03	 1.52670E+03
 1.62961E+03	 1.52450E+03
 1.63203E+03	 1.52692E+03
 1.63446E+03	 1.52796E+03
 1.63688E+03	 1.52736E+03
 1.63930E+03	 1.52782E+03
 1.64172E+03	 1.52738E+03
 1.64414E+03	 1.53124E+03
 1.64656E+03	 1.52488E+03
 1.64897E+03	 1.53082E+03
 1.65139E+03	 1.52822E+03
 1.65381E+03	 1.53658E+03
 1.65622E+03	 1.53462E+03
 1.65864E+03	 1.53420E+03
 1.66105E+03	 1.52882E+03
 1.66346E+03	 1.53614E+03
 1.66588E+03	 1.53724E+03
 1.66829E+03	 1.53744E+03
 1.67070E+03	 1.53254E+03
 1.67311E+03	 1.53672E+03
 1.67552E+03	 1.53540E+03
 1.67793E+03	 1.53686E+03
 1.68034E+03	 1.53560E+03
 1.68274E+03	 1.53840E+03
 1.68515E+03	 1.53976E+03
 1.68756E+03	 1.53838E+03
 1.68996E+03	 1.53774E+03
 1.69236E+03	 1.53944E+03
 1.69477E+03	 1.53952E+03
 1.69717E+03	 1.54048E+03
 1.69957E+03	 1.54100E+03
 1.70197E+03	 1.54476E+03
 1.70438E+03	 1.54042E+03
 1.70678E+03	 1.54220E+03
 1.70917E+03	 1.54198E+03
 1.71157E+03	 1.54166E+03
 1.71397E+03	 1.53864E+03
 1.71637E+03	 1.54424E+03
 1.71876E+03	 1.54144E+03
 1.72116E+03	 1.54178E+03
 1.72355E+03	 1.54344E+03
 1.72595E+03	 1.54242E+03
 1.72834E+03	 1.54010E+03
 1.73073E+03	 1.54000E+03
 1.73313E+03	 1.53632E+03
 1.73552E+03	 1.53420E+03
 1.73791E+03	 1.53742E+03
 1.74030E+03	 1.53436E+03
 1.74269E+03	 1.53850E+03
 1.74507E+03	 1.53844E+03
 1.74746E+03	 1.54230E+03
 1.74985E+03	 1.54432E+03
 1.75224E+03	 1.54442E+03
 1.75462E+03	 1.54266E+03
 1.75701E+03	 1.54476E+03
 1.75939E+03	 1.54772E+03
 1.76177E+03	 1.54756E+03
 1.76415E+03	 1.54924E+03
 1.76654E+03	 1.55156E+03
 1.76892E+03	 1.55070E+03
 1.77130E+03	 1.54506E+03
 1.77368E+03	 1.54506E+03
 1.77606E+03	 1.54872E+03
 1.77843E+03	 1.54984E+03
 1.78081E+03	 1.55050E+03
 1.78319E+03	 1.55120E+03
 1.78556E+03	 1.55018E+03
 1.78794E+03	 1.54720E+03
 1.79031E+03	 1.54444E+03
 1.79269E+03	 1.54596E+03
 1.79506E+03	 1.54674E+03
 1.79743E+03	 1.54996E+03
 1.79981E+03	 1.54788E+03
 1.80218E+03	 1.55494E+03
 1.80455E+03	 1.55060E+03
 1.80692E+03	 1.55142E+03
 1.80928E+03	 1.54908E+03
 1.81165E+03	 1.54874E+03
 1.81402E+03	 1.55092E+03
 1.81639E+03	 1.55370E+03
 1.81875E+03	 1.55496E+03
 1.82112E+03	 1.55484E+03
 1.82348E+03	 1.55370E+03
 1.82585E+03	 1.55340E+03
 1.82821E+03	 1.55480E+03
 1.83057E+03	 1.55062E+03
 1.83293E+03	 1.55398E+03
 1.83529E+03	 1.55466E+03
 1.83765E+03	 1.55712E+03
 1.84001E+03	 1.55134E+03
 1.84237E+03	 1.55464E+03
 1.84473E+03	 1.55196E+03
 1.84709E+03	 1.55538E+03
 1.84944E+03	 1.55058E+03
 1.85180E+03	 1.55564E+03
 1.85416E+03	 1.56004E+03
 1.85651E+03	 1.55798E+03
 1.85886E+03	 1.56126E+03
 1.86122E+03	 1.55822E+03
 1.86357E+03	 1.55400E+03
 1.86592E+03	 1.55548E+03
 1.86827E+03	 1.55928E+03
 1.87062E+03	 1.55616E+03
 1.87297E+03	 1.55944E+03
 1.87532E+03	 1.55940E+03
 1.87767E+03	 1.56386E+03
 1.88002E+03	 1.56142E+03
 1.88236E+03	 1.56384E+03
 1.88471E+03	 1.55998E+03
 1.88705E+03	 1.56320E+03
 1.88940E+03	 1.57118E+03
 1.89174E+03	 1.56602E+03
 1.89409E+03	 1.56238E+03
 1.89643E+03	 1.56660E+03
 1.89877E+03	 1.56692E+03
 1.90111E+03	 1.56860E+03
 1.90345E+03	 1.57036E+03
 1.90579E+03	 1.56558E+03
 1.90813E+03	 1.56828E+03
 1.91047E+03	 1.56716E+03
 1.91281E+03	 1.57002E+03
 1.91514E+03	 1.56834E+03
 1.91748E+03	 1.56880E+03
 1.91981E+03	 1.56910E+03
 1.92215E+03	 1.56842E+03
 1.92448E+03	 1.57696E+03
 1.92682E+03	 1.57034E+03
 1.92915E+03	 1.56814E+03
 1.93148E+03	 1.57288E+03
 1.93381E+03	 1.56986E+03
 1.93614E+03	 1.57096E+03
 1.93847E+03	 1.56732E+03
 1.94080E+03	 1.57258E+03
 1.94313E+03	 1.57144E+03
 1.94546E+03	 1.57498E+03
 1.94778E+03	 1.57378E+03
 1.95011E+03	 1.56906E+03
 1.95244E+03	 1.57320E+03
 1.95476E+03	 1.56500E+03
 1.95709E+03	 1.57202E+03
 1.95941E+03	 1.57192E+03
 1.96173E+03	 1.57640E+03
 1.96405E+03	 1.57578E+03
 1.96638E+03	 1.57404E+03
 1.96870E+03	 1.57388E+03
 1.97102E+03	 1.57338E+03
 1.97334E+03	 1.57202E+03
 1.97566E+03	 1.57420E+03
 1.97797E+03	 1.57904E+03
 1.98029E+03	 1.57344E+03
 1.98261E+03	 1.57568E+03
 1.98492E+03	 1.57412E+03
 1.98724E+03	 1.57192E+03
 1.98955E+03	 1.57488E+03
 1.99187E+03	 1.57702E+03
 1.99418E+03	 1.57824E+03
 1.99649E+03	 1.58134E+03
 1.99880E+03	 1.58372E+03
 2.00112E+03	 1.57866E+03
 2.00343E+03	 1.58042E+03
 2.00574E+03	 1.57836E+03
 2.00804E+03	 1.57470E+03
 2.01035E+03	 1.58598E+03
 2.01266E+03	 1.57846E+03
 2.01497E+03	 1.58420E+03
 2.01727E+03	 1.58584E+03
 2.01958E+03	 1.58052E+03
 2.02188E+03	 1.58796E+03
 2.02419E+03	 1.58424E+03
 2.02649E+03	 1.58290E+03
 2.02880E+03	 1.58866E+03
 2.03110E+03	 1.59002E+03
 2.03340E+03	 1.59018E+03
 2.03570E+03	 1.58846E+03
 2.03800E+03	 1.58460E+03
 2.04030E+03	 1.58394E+03
 2.04260E+03	 1.59272E+03
 2.04490E+03	 1.58478E+03
 2.04719E+03	 1.58700E+03
 2.04949E+03	 1.59236E+03
 2.05179E+03	 1.58992E+03
 2.05408E+03	 1.58390E+03
 2.05638E+03	 1.58532E+03
 2.05867E+03	 1.59176E+03
 2.06096E+03	 1.58966E+03
 2.06326E+03	 1.59118E+03
 2.06555E+03	 1.59098E+03
 2.06784E+03	 1.58924E+03
 2.07013E+03	 1.59102E+03
 2.07242E+03	 1.58568E+03
 2.07471E+03	 1.58656E+03
 2.07700E+03	 1.58984E+03
 2.07929E+03	 1.59204E+03
 2.08157E+03	 1.59460E+03
 2.08386E+03	 1.59534E+03
 2.08615E+03	 1.59082E+03
 2.08843E+03	 1.59620E+03
 2.09072E+03	 1.59564E+03
 2.09300E+03	 1.59400E+03
 2.09528E+03	 1.59340E+03
 2.09756E+03	 1.59158E+03
 2.09985E+03	 1.59384E+03
 2.10213E+03	 1.59636E+03
 2.10441E+03	 1.59608E+03
 2.10669E+03	 1.59396E+03
 2.10897E+03	 1.59608E+03
 2.11125E+03	 1.59802E+03
 2.11352E+03	 1.59816E+03
 2.11580E+03	 1.59858E+03
 2.11808E+03	 1.59888E+03
 2.12035E+03	 1.59718E+03
 2.12263E+03	 1.59948E+03
 2.12490E+03	 1.59576E+03
 2.12718E+03	 1.60014E+03
 2.12945E+03	 1.60074E+03
 2.13172E+03	 1.60178E+03
 2.13399E+03	 1.60548E+03
 2.13626E+03	 1.60118E+03
 2.13853E+03	 1.60504E+03
 2.14080E+03	 1.60172E+03
 2.14307E+03	 1.60988E+03
 2.14534E+03	 1.60586E+03
 2.14761E+03	 1.60600E+03
 2.14988E+03	 1.60144E+03
 2.15214E+03	 1.60374E+03
 2.15441E+03	 1.61160E+03
 2.15667E+03	 1.60664E+03
 2.15894E+03	 1.60572E+03
 2.16120E+03	 1.61030E+03
 2.16346E+03	 1.61150E+03
 2.16573E+03	 1.61154E+03
 2.16799E+03	 1.61216E+03
 2.17025E+03	 1.61048E+03
 2.17251E+03	 1.61116E+03
 2.17477E+03	 1.60982E+03
 2.17703E+03	 1.61592E+03
 2.17929E+03	 1.61302E+03
 2.18154E+03	 1.61378E+03
 2.18380E+03	 1.60902E+03
 2.18606E+03	 1.61056E+03
 2.18831E+03	 1.61586E+03
 2.19057E+03	 1.61476E+03
 2.19282E+03	 1.61414E+03
 2.19508E+03	 1.61584E+03
 2.19733E+03	 1.61474E+03
 2.19958E+03	 1.62118E+03
 2.20183E+03	 1.61330E+03
 2.20409E+03	 1.61748E+03
 2.20634E+03	 1.61192E+03
 2.20859E+03	 1.61916E+03
 2.21083E+03	 1.61356E+03
 2.21308E+03	 1.61572E+03
 2.21533E+03	 1.61832E+03
 2.21758E+03	 1.61758E+03
 2.21982E+03	 1.61448E+03
 2.22207E+03	 1.62380E+03
 2.22432E+03	 1.61666E+03
 2.22656E+03	 1.62408E+03
 2.22880E+03	 1.61590E+03
 2.23105E+03	 1.61902E+03
 2.23329E+03	 1.62150E+03
 2.23553E+03	 1.62216E+03
 2.23777E+03	 1.61990E+03
 2.24001E+03	 1.62812E+03
 2.24225E+03	 1.62122E+03
 2.24449E+03	 1.62538E+03
 2.24673E+03	 1.62348E+03
 2.24897E+03	 1.62516E+03
 2.25121E+03	 1.63028E+03
 2.25344E+03	 1.62828E+03
 2.25568E+03	 1.62816E+03
 2.25791E+03	 1.62544E+03
 2.26015E+03	 1.62262E+03
 2.26238E+03	 1.62904E+03
 2.26462E+03	 1.62618E+03
 2.26685E+03	 1.63384E+03
 2.26908E+03	 1.62990E+03
 2.27131E+03	 1.62874E+03
 2.27354E+03	 1.63678E+03
 2.27577E+03	 1.62844E+03
 2.27800E+03	 1.63064E+03
 2.28023E+03	 1.63158E+03
 2.28246E+03	 1.63222E+03
 2.28469E+03	 1.64186E+03
 2.28692E+03	 1.63720E+03
 2.28914E+03	 1.63960E+03
 2.29137E+03	 1.64100E+03
 2.29359E+03	 1.63272E+03
 2.29582E+03	 1.63102E+03
 2.29804E+03	 1.63396E+03
 2.30026E+03	 1.64132E+03
 2.30249E+03	 1.63876E+03
 2.30471E+03	 1.63982E+03
 2.30693E+03	 1.63670E+03
 2.30915E+03	 1.63976E+03
 2.31137E+03	 1.63792E+03
 2.31359E+03	 1.63466E+03
 2.31581E+03	 1.63766E+03
 2.31802E+03	 1.64300E+03
 2.32024E+03	 1.64878E+03
 2.32246E+03	 1.64054E+03
 2.32467E+03	 1.64534E+03
 2.32689E+03	 1.64368E+03
 2.32910E+03	 1.64538E+03
 2.33132E+03	 1.64408E+03
 2.33353E+03	 1.64322E+03
 2.33574E+03	 1.64510E+03
 2.33796E+03	 1.64766E+03
 2.34017E+03	 1.64554E+03
 2.34238E+03	 1.64592E+03
 2.34459E+03	 1.64258E+03
 2.34680E+03	 1.64206E+03
 2.34901E+03	 1.64378E+03
 2.35121E+03	 1.65314E+03
 2.35342E+03	 1.64740E+03
 2.35563E+03	 1.64892E+03
 2.35784E+03	 1.65158E+03
 2.36004E+03	 1.65104E+03
 2.36225E+03	 1.64792E+03
 2.36445E+03	 1.64964E+03
 2.36665E+03	 1.64716E+03
 2.36886E+03	 1.65080E+03
 2.37106E+03	 1.65268E+03
 2.37326E+03	 1.65394E+03
 2.37546E+03	 1.65004E+03
 2.37766E+03	 1.65510E+03
 2.37986E+03	 1.64892E+03
 2.38206E+03	 1.65526E+03
 2.38426E+03	 1.65496E+03
 2.38646E+03	 1.64866E+03
 2.38866E+03	 1.65528E+03
 2.39085E+03	 1.65918E+03
 2.39305E+03	 1.65592E+03
 2.39525E+03	 1.65840E+03
 2.39744E+03	 1.65156E+03
 2.39963E+03	 1.65792E+03
 2.40183E+03	 1.65958E+03
 2.40402E+03	 1.65590E+03
 2.40621E+03	 1.65764E+03
 2.40841E+03	 1.65348E+03
 2.41060E+03	 1.65718E+03
 2.41279E+03	 1.65892E+03
 2.41498E+03	 1.66108E+03
 2.41717E+03	 1.65890E+03
 2.41935E+03	 1.66170E+03
 2.42154E+03	 1.66272E+03
 2.42373E+03	 1.66046E+03
 2.42592E+03	 1.65662E+03
 2.42810E+03	 1.66564E+03
 2.43029E+03	 1.67078E+03
 2.43247E+03	 1.66386E+03
 2.43466E+03	 1.66222E+03
 2.43684E+03	 1.66818E+03
 2.43902E+03	 1.66458E+03
 2.44121E+03	 1.66798E+03
 2.44339E+03	 1.67232E+03
 2.44557E+03	 1.67136E+03
 2.44775E+03	 1.66964E+03
 2.44993E+03	 1.67202E+03
 2.45211E+03	 1.67316E+03
 2.45429E+03	 1.67318E+03
 2.45646E+03	 1.67076E+03
 2.45864E+03	 1.67232E+03
 2.46082E+03	 1.67106E+03
 2.46299E+03	 1.67360E+03
 2.46517E+03	 1.67524E+03
 2.46734E+03	 1.67882E+03
 2.46952E+03	 1.67454E+03
 2.47169E+03	 1.67520E+03
 2.47386E+03	 1.67806E+03
 2.47604E+03	 1.68270E+03
 2.47821E+03	 1.67742E+03
 2.48038E+03	 1.68344E+03
 2.48255E+03	 1.67766E+03
 2.48472E+03	 1.68290E+03
 2.48689E+03	 1.68374E+03
 2.48906E+03	 1.68468E+03
 2.49123E+03	 1.68566E+03
 2.49339E+03	 1.68530E+03
 2.49556E+03	 1.68408E+03
 2.49773E+03	 1.68734E+03
 2.49989E+03	 1.69094E+03
 2.50206E+03	 1.69314E+03
 2.50422E+03	 1.69166E+03
 2.50638E+03	 1.69472E+03
 2.50855E+03	 1.68974E+03
 2.51071E+03	 1.69610E+03
 2.51287E+03	 1.69400E+03
 2.51503E+03	 1.69748E+03
 2.51719E+03	 1.69610E+03
 2.51935E+03	 1.69500E+03
 2.52151E+03	 1.69946E+03
 2.52367E+03	 1.70074E+03
 2.52583E+03	 1.69654E+03
 2.52799E+03	 1.69708E+03
 2.53014E+03	 1.70384E+03
 2.53230E+03	 1.69484E+03
 2.53445E+03	 1.69810E+03
 2.53661E+03	 1.69996E+03
 2.53876E+03	 1.69530E+03
 2.54092E+03	 1.70588E+03
 2.54307E+03	 1.70200E+03
 2.54522E+03	 1.70446E+03
 2.54738E+03	 1.69726E+03
 2.54953E+03	 1.70844E+03
 2.55168E+03	 1.69820E+03
 2.55383E+03	 1.70326E+03
 2.55598E+03	 1.70246E+03
 2.55813E+03	 1.70324E+03
 2.56027E+03	 1.70164E+03
 2.56242E+03	 1.70626E+03
 2.56457E+03	 1.69740E+03
 2.56671E+03	 1.70266E+03
 2.56886E+03	 1.70838E+03
 2.57101E+03	 1.70398E+03
 2.57315E+03	 1.70848E+03
 2.57529E+03	 1.70208E+03
 2.57744E+03	 1.70724E+03
 2.57958E+03	 1.71110E+03
 2.58172E+03	 1.71082E+03
 2.58386E+03	 1.71200E+03
 2.58601E+03	 1.70606E+03
 2.58815E+03	 1.70684E+03
 2.59029E+03	 1.70582E+03
 2.59242E+03	 1.70620E+03
 2.59456E+03	 1.71118E+03
 2.59670E+03	 1.70856E+03
 2.59884E+03	 1.70970E+03
 2.60097E+03	 1.71538E+03
 2.60311E+03	 1.71558E+03
 2.60525E+03	 1.71186E+03
 2.60738E+03	 1.71518E+03
 2.60952E+03	 1.71066E+03
 2.61165E+03	 1.71254E+03
 2.61378E+03	 1.71378E+03
 2.61591E+03	 1.71976E+03
 2.61805E+03	 1.72102E+03
 2.62018E+03	 1.72092E+03
 2.62231E+03	 1.71850E+03
 2.62444E+03	 1.72008E+03
 2.62657E+03	 1.71958E+03
 2.62870E+03	 1.72144E+03
 2.63082E+03	 1.72252E+03
 2.63295E+03	 1.72432E+03
 2.63508E+03	 1.71980E+03
 2.63721E+03	 1.72064E+03
 2.63933E+03	 1.72346E+03
 2.64146E+03	 1.72000E+03
 2.64358E+03	 1.72882E+03
 2.64571E+03	 1.72578E+03
 2.64783E+03	 1.72940E+03
 2.64995E+03	 1.72382E+03
 2.65207E+03	 1.73046E+03
 2.65420E+03	 1.72556E+03
 2.65632E+03	 1.72910E+03
 2.65844E+03	 1.73446E+03
 2.66056E+03	 1.72894E+03
 2.66268E+03	 1.73564E+03
 2.66480E+03	 1.73972E+03
 2.66691E+03	 1.73900E+03
 2.66903E+03	 1.72948E+03
 2.67115E+03	 1.73212E+03
 2.67326E+03	 1.73834E+03
 2.67538E+03	 1.73940E+03
 2.67749E+03	 1.73552E+03
 2.67961E+03	 1.73656E+03
 2.68172E+03	 1.74246E+03
 2.68384E+03	 1.74166E+03
 2.68595E+03	 1.74222E+03
 2.68806E+03	 1.74202E+03
 2.69017E+03	 1.74410E+03
 2.69228E+03	 1.74492E+03
 2.69439E+03	 1.74374E+03
 2.69650E+03	 1.74432E+03
 2.69861E+03	 1.74080E+03
 2.70072E+03	 1.74748E+03
 2.70283E+03	 1.74840E+03
 2.70494E+03	 1.74972E+03
 2.70704E+03	 1.75366E+03
 2.70915E+03	 1.74488E+03
 2.71126E+03	 1.74822E+03
 2.71336E+03	 1.75188E+03
 2.71546E+03	 1.74646E+03
 2.71757E+03	 1.75188E+03
 2.71967E+03	 1.75794E+03
 2.72177E+03	 1.75444E+03
 2.72388E+03	 1.75366E+03
 2.72598E+03	 1.75570E+03
 2.72808E+03	 1.75830E+03
 2.73018E+03	 1.75744E+03
 2.73228E+03	 1.75778E+03
 2.73438E+03	 1.75674E+03
 2.73648E+03	 1.75742E+03
 2.73857E+03	 1.75738E+03
 2.74067E+03	 1.75892E+03
 2.74277E+03	 1.76470E+03
 2.74486E+03	 1.75678E+03
 2.74696E+03	 1.75956E+03
 2.74905E+03	 1.76524E+03
 2.75115E+03	 1.76124E+03
 2.75324E+03	 1.76230E+03
 2.75534E+03	 1.76264E+03
 2.75743E+03	 1.76238E+03
 2.75952E+03	 1.76664E+03
 2.76161E+03	 1.77194E+03
 2.76370E+03	 1.76488E+03
 2.76579E+03	 1.76562E+03
 2.76788E+03	 1.77010E+03
 2.76997E+03	 1.76310E+03
 2.77206E+03	 1.76116E+03
 2.77415E+03	 1.76610E+03
 2.77624E+03	 1.76558E+03
 2.77832E+03	 1.76970E+03
 2.78041E+03	 1.76942E+03
 2.78250E+03	 1.76928E+03
 2.78458E+03	 1.77576E+03
 2.78666E+03	 1.76780E+03
 2.78875E+03	 1.77208E+03
 2.79083E+03	 1.76790E+03
 2.79291E+03	 1.77840E+03
 2.79500E+03	 1.76930E+03
 2.79708E+03	 1.77266E+03
 2.79916E+03	 1.77002E+03
 2.80124E+03	 1.77404E+03
 2.80332E+03	 1.77084E+03
 2.80540E+03	 1.77010E+03
 2.80748E+03	 1.77724E+03
 2.80956E+03	 1.77324E+03
 2.81163E+03	 1.76772E+03
 2.81371E+03	 1.77154E+03
 2.81579E+03	 1.77652E+03
 2.81786E+03	 1.77026E+03
 2.81994E+03	 1.77666E+03
 2.82201E+03	 1.77312E+03
 2.82409E+03	 1.77886E+03
 2.82616E+03	 1.77768E+03
 2.82823E+03	 1.78564E+03
 2.83031E+03	 1.77552E+03
 2.83238E+03	 1.77928E+03
 2.83445E+03	 1.77978E+03
 2.83652E+03	 1.77882E+03
 2.83859E+03	 1.78344E+03
 2.84066E+03	 1.77666E+03
 2.84273E+03	 1.78868E+03
 2.84480E+03	 1.78408E+03
 2.84686E+03	 1.78730E+03
 2.84893E+03	 1.79296E+03
 2.85100E+03	 1.79154E+03
 2.85306E+03	 1.78696E+03
 2.85513E+03	 1.78522E+03
 2.85719E+03	 1.78350E+03
 2.85926E+03	 1.79144E+03
 2.86132E+03	 1.79580E+03
 2.86339E+03	 1.78992E+03
 2.86545E+03	 1.79256E+03
 2.86751E+03	 1.79222E+03
 2.86957E+03	 1.79586E+03
 2.87163E+03	 1.80302E+03
 2.87369E+03	 1.79374E+03
 2.87575E+03	 1.79668E+03
 2.87781E+03	 1.80226E+03
 2.87987E+03	 1.79348E+03
 2.88193E+03	 1.80052E+03
 2.88399E+03	 1.79182E+03
 2.88604E+03	 1.80724E+03
 2.88810E+03	 1.79810E+03
 2.89015E+03	 1.80170E+03
 2.89221E+03	 1.79922E+03
 2.89426E+03	 1.80292E+03
 2.89632E+03	 1.81208E+03
 2.89837E+03	 1.80002E+03
 2.90042E+03	 1.79984E+03
 2.90248E+03	 1.81390E+03
 2.90453E+03	 1.80952E+03
 2.90658E+03	 1.80678E+03
 2.90863E+03	 1.80378E+03
 2.91068E+03	 1.81362E+03
 2.91273E+03	 1.80740E+03
 2.91478E+03	 1.80410E+03
 2.91683E+03	 1.80644E+03
 2.91888E+03	 1.80710E+03
 2.92092E+03	 1.80948E+03
 2.92297E+03	 1.81010E+03
 2.92502E+03	 1.81420E+03
 2.92706E+03	 1.81486E+03
 2.92911E+03	 1.81074E+03
 2.93115E+03	 1.80840E+03
 2.93320E+03	 1.81634E+03
 2.93524E+03	 1.81114E+03
 2.93728E+03	 1.81874E+03
 2.93932E+03	 1.80998E+03
 2.94137E+03	 1.81720E+03
 2.94341E+03	 1.82054E+03
 2.94545E+03	 1.82200E+03
 2.94749E+03	 1.81320E+03
 2.94953E+03	 1.81822E+03
 2.95157E+03	 1.81736E+03
 2.95360E+03	 1.81864E+03
 2.95564E+03	 1.81754E+03
 2.95768E+03	 1.81962E+03
 2.95971E+03	 1.81784E+03
 2.96175E+03	 1.82334E+03
 2.96379E+03	 1.82454E+03
 2.96582E+03	 1.81922E+03
 2.96786E+03	 1.81800E+03
 2.96989E+03	 1.82242E+03
 2.97192E+03	 1.82420E+03
 2.97396E+03	 1.82438E+03
 2.97599E+03	 1.82052E+03
 2.97802E+03	 1.82330E+03
 2.98005E+03	 1.82450E+03
 2.98208E+03	 1.82250E+03
 2.98411E+03	 1.82562E+03
 2.98614E+03	 1.82788E+03
 2.98817E+03	 1.82532E+03
 2.99020E+03	 1.82838E+03
 2.99223E+03	 1.82638E+03
 2.99425E+03	 1.82992E+03
 2.99628E+03	 1.82792E+03
 2.99830E+03	 1.82590E+03
 3.00033E+03	 1.82918E+03
 3.00236E+03	 1.83394E+03
 3.00438E+03	 1.83802E+03
 3.00640E+03	 1.83522E+03
 3.00843E+03	 1.82814E+03
 3.01045E+03	 1.83192E+03
 3.01247E+03	 1.82998E+03
 3.01449E+03	 1.83784E+03
 3.01651E+03	 1.83928E+03
 3.01854E+03	 1.83746E+03
 3.02056E+03	 1.84062E+03
 3.02257E+03	 1.84358E+03
 3.02459E+03	 1.83854E+03
 3.02661E+03	 1.83960E+03
 3.02863E+03	 1.84930E+03
 3.03065E+03	 1.84874E+03
 3.03266E+03	 1.84696E+03
 3.03468E+03	 1.84890E+03
 3.03669E+03	 1.84814E+03
 3.03871E+03	 1.85108E+03
 3.04072E+03	 1.84678E+03
 3.04274E+03	 1.85140E+03
 3.04475E+03	 1.85382E+03
 3.04676E+03	 1.85662E+03
 3.04878E+03	 1.85130E+03
 3.05079E+03	 1.85676E+03
 3.05280E+03	 1.86112E+03
 3.05481E+03	 1.85552E+03
 3.05682E+03	 1.84504E+03
 3.05883E+03	 1.85746E+03
 3.06084E+03	 1.85766E+03
 3.06285E+03	 1.85300E+03
 3.06486E+03	 1.85300E+03
 3.06686E+03	 1.85824E+03
 3.06887E+03	 1.85702E+03
 3.07088E+03	 1.85928E+03
 3.07288E+03	 1.85908E+03
 3.07489E+03	 1.85988E+03
 3.07689E+03	 1.86664E+03
 3.07890E+03	 1.86298E+03
 3.08090E+03	 1.86470E+03
 3.08290E+03	 1.85624E+03
 3.08490E+03	 1.86736E+03
 3.08691E+03	 1.86176E+03
 3.08891E+03	 1.86502E+03
 3.09091E+03	 1.86258E+03
 3.09291E+03	 1.86152E+03
 3.09491E+03	 1.85898E+03
 3.09691E+03	 1.87036E+03
 3.09891E+03	 1.86656E+03
 3.10090E+03	 1.86940E+03
 3.10290E+03	 1.86732E+03
 3.10490E+03	 1.87592E+03
 3.10690E+03	 1.86410E+03
 3.10889E+03	 1.86224E+03
 3.11089E+03	 1.86842E+03
 3.11288E+03	 1.85752E+03
 3.11488E+03	 1.86496E+03
 3.11687E+03	 1.86944E+03
 3.11886E+03	 1.86712E+03
 3.12086E+03	 1.86510E+03
 3.12285E+03	 1.86978E+03
 3.12484E+03	 1.86478E+03
 3.12683E+03	 1.86862E+03
 3.12882E+03	 1.86574E+03
 3.13081E+03	 1.87078E+03
 3.13280E+03	 1.87692E+03
 3.13479E+03	 1.87070E+03
 3.13678E+03	 1.87182E+03
 3.13877E+03	 1.86904E+03
 3.14075E+03	 1.86732E+03
 3.14274E+03	 1.87268E+03
 3.14473E+03	 1.87480E+03
 3.14671E+03	 1.87642E+03
 3.14870E+03	 1.86600E+03
 3.15068E+03	 1.87034E+03
 3.15267E+03	 1.86990E+03
 3.15465E+03	 1.86820E+03
 3.15663E+03	 1.87442E+03
 3.15862E+03	 1.87182E+03
 3.16060E+03	 1.88388E+03
 3.16258E+03	 1.87624E+03
 3.16456E+03	 1.87512E+03
 3.16654E+03	 1.87320E+03
 3.16852E+03	 1.87344E+03
 3.17050E+03	 1.88148E+03
 3.17248E+03	 1.87618E+03
 3.17446E+03	 1.87442E+03
 3.17643E+03	 1.87358E+03
 3.17841E+03	 1.88538E+03
 3.18039E+03	 1.88216E+03
 3.18236E+03	 1.88208E+03
 3.18434E+03	 1.87948E+03
 3.18632E+03	 1.88328E+03
 3.18829E+03	 1.88372E+03
 3.19026E+03	 1.88722E+03
 3.19224E+03	 1.89250E+03
 3.19421E+03	 1.88226E+03
 3.19618E+03	 1.88242E+03
 3.19815E+03	 1.89188E+03
 3.20013E+03	 1.88776E+03
 3.20210E+03	 1.89570E+03
 3.20407E+03	 1.89346E+03
 3.20604E+03	 1.89588E+03
 3.20801E+03	 1.89382E+03
 3.20998E+03	 1.90086E+03
 3.21194E+03	 1.90452E+03
 3.21391E+03	 1.90248E+03
 3.21588E+03	 1.90308E+03
 3.21784E+03	 1.90944E+03
 3.21981E+03	 1.90224E+03
 3.22178E+03	 1.90314E+03
 3.22374E+03	 1.90782E+03
 3.22571E+03	 1.90496E+03
 3.22767E+03	 1.90666E+03
 3.22963E+03	 1.90254E+03
 3.23160E+03	 1.90922E+03
 3.23356E+03	 1.90554E+03
 3.23552E+03	 1.91566E+03
 3.23748E+03	 1.91276E+03
 3.23944E+03	 1.91458E+03
 3.24140E+03	 1.90618E+03
 3.24336E+03	 1.90488E+03
 3.24532E+03	 1.90768E+03
 3.24728E+03	 1.91130E+03
 3.24924E+03	 1.91112E+03
 3.25120E+03	 1.91530E+03
 3.25315E+03	 1.91740E+03
 3.25511E+03	 1.91846E+03
 3.25707E+03	 1.91382E+03
 3.25902E+03	 1.91438E+03
 3.26098E+03	 1.91620E+03
 3.26293E+03	 1.91634E+03
 3.26489E+03	 1.91930E+03
 3.26684E+03	 1.91630E+03
 3.26879E+03	 1.91504E+03
 3.27075E+03	 1.91014E+03
 3.27270E+03	 1.92644E+03
 3.27465E+03	 1.91836E+03
 3.27660E+03	 1.91766E+03
 3.27855E+03	 1.91932E+03
 3.28050E+03	 1.92174E+03
 3.28245E+03	 1.91972E+03
 3.28440E+03	 1.91596E+03
 3.28635E+03	 1.91560E+03
 3.28829E+03	 1.92712E+03
 3.29024E+03	 1.92258E+03
 3.29219E+03	 1.91808E+03
 3.29413E+03	 1.91970E+03
 3.29608E+03	 1.91718E+03
 3.29803E+03	 1.91896E+03
 3.29997E+03	 1.92454E+03
 3.30191E+03	 1.92054E+03
 3.30386E+03	 1.92156E+03
 3.30580E+03	 1.91776E+03
 3.30774E+03	 1.92150E+03
 3.30969E+03	 1.92710E+03
 3.31163E+03	 1.91864E+03
 3.31357E+03	 1.91508E+03
 3.31551E+03	 1.92708E+03
 3.31745E+03	 1.92748E+03
 3.31939E+03	 1.92218E+03
 3.32133E+03	 1.92426E+03
 3.32327E+03	 1.91798E+03
 3.32520E+03	 1.92990E+03
 3.32714E+03	 1.92654E+03
 3.32908E+03	 1.92812E+03
 3.33102E+03	 1.92636E+03
 3.33295E+03	 1.92788E+03
 3.33489E+03	 1.92854E+03
 3.33682E+03	 1.93654E+03
 3.33876E+03	 1.92960E+03
 3.34069E+03	 1.93482E+03
 3.34262E+03	 1.93380E+03
 3.34456E+03	 1.92766E+03
 3.34649E+03	 1.93180E+03
 3.34842E+03	 1.93404E+03
 3.35035E+03	 1.93692E+03
 3.35228E+03	 1.93056E+03
 3.35421E+03	 1.93876E+03
 3.35614E+03	 1.93732E+03
 3.35807E+03	 1.94246E+03
 3.36000E+03	 1.94376E+03
 3.36193E+03	 1.94262E+03
 3.36386E+03	 1.94198E+03
 3.36578E+03	 1.94302E+03
 3.36771E+03	 1.93924E+03
 3.36964E+03	 1.95286E+03
 3.37156E+03	 1.94566E+03
 3.37349E+03	 1.94356E+03
 3.37541E+03	 1.95294E+03
 3.37734E+03	 1.94774E+03
 3.37926E+03	 1.95180E+03
 3.38118E+03	 1.95170E+03
 3.38311E+03	 1.94852E+03
 3.38503E+03	 1.95648E+03
 3.38695E+03	 1.96604E+03
 3.38887E+03	 1.95718E+03
 3.39079E+03	 1.95026E+03
 3.39271E+03	 1.96938E+03
 3.39463E+03	 1.95988E+03
 3.39655E+03	 1.96444E+03
 3.39847E+03	 1.96200E+03
 3.40039E+03	 1.96838E+03
 3.40231E+03	 1.96864E+03
 3.40422E+03	 1.96198E+03
 3.40614E+03	 1.96850E+03
 3.40806E+03	 1.96676E+03
 3.40997E+03	 1.96704E+03
 3.41189E+03	 1.97094E+03
 3.41380E+03	 1.97010E+03
 3.41571E+03	 1.96930E+03
 3.41763E+03	 1.96908E+03
 3.41954E+03	 1.97182E+03
 3.42145E+03	 1.97726E+03
 3.42337E+03	 1.97764E+03
 3.42528E+03	 1.97020E+03
 3.42719E+03	 1.97430E+03
 3.42910E+03	 1.97262E+03
 3.43101E+03	 1.96768E+03
 3.43292E+03	 1.96940E+03
 3.43483E+03	 1.97316E+03
 3.43674E+03	 1.97518E+03
 3.43864E+03	 1.97510E+03
 3.44055E+03	 1.97250E+03
 3.44246E+03	 1.97360E+03
 3.44437E+03	 1.96906E+03
 3.44627E+03	 1.96802E+03
 3.44818E+03	 1.97468E+03
 3.45008E+03	 1.97722E+03
 3.45199E+03	 1.97626E+03
 3.45389E+03	 1.97784E+03
 3.45579E+03	 1.97658E+03
 3.45770E+03	 1.98004E+03
 3.45960E+03	 1.97746E+03
 3.46150E+03	 1.97662E+03
 3.46340E+03	 1.97870E+03
 3.46530E+03	 1.97564E+03
 3.46721E+03	 1.98130E+03
 3.46911E+03	 1.98418E+03
 3.47101E+03	 1.97974E+03
 3.47290E+03	 1.97662E+03
 3.47480E+03	 1.98232E+03
 3.47670E+03	 1.98220E+03
 3.47860E+03	 1.98708E+03
 3.48050E+03	 1.98720E+03
 3.48239E+03	 1.98480E+03
 3.48429E+03	 1.98334E+03
 3.48618E+03	 1.99084E+03
 3.48808E+03	 1.99316E+03
 3.48997E+03	 1.99450E+03
 3.49187E+03	 1.98256E+03
 3.49376E+03	 1.98616E+03
 3.49565E+03	 1.97992E+03
 3.49755E+03	 1.99416E+03
 3.49944E+03	 1.99608E+03
 3.50133E+03	 1.98728E+03
 3.50322E+03	 1.98696E+03
 3.50511E+03	 1.99310E+03
 3.50700E+03	 1.99818E+03
 3.50889E+03	 1.99160E+03
 3.51078E+03	 1.99466E+03
 3.51267E+03	 1.99816E+03
 3.51456E+03	 1.99934E+03
 3.51645E+03	 1.99538E+03
 3.51833E+03	 1.99868E+03
 3.52022E+03	 2.00018E+03
 3.52211E+03	 2.00094E+03
 3.52399E+03	 1.99890E+03
 3.52588E+03	 2.00264E+03
 3.52776E+03	 1.99804E+03
 3.52965E+03	 1.99988E+03
 3.53153E+03	 2.00734E+03
 3.53341E+03	 2.01054E+03
 3.53530E+03	 2.00530E+03
 3.53718E+03	 2.00212E+03
 3.53906E+03	 2.01138E+03
 3.54094E+03	 2.01150E+03
 3.54282E+03	 2.01338E+03
 3.54470E+03	 2.01548E+03
 3.54658E+03	 2.01434E+03
 3.54846E+03	 2.01588E+03
 3.55034E+03	 2.01376E+03
 3.55222E+03	 2.01402E+03
 3.55410E+03	 2.02296E+03
 3.55598E+03	 2.02084E+03
 3.55785E+03	 2.02732E+03
 3.55973E+03	 2.01970E+03
 3.56161E+03	 2.02478E+03
 3.56348E+03	 2.02868E+03
 3.56536E+03	 2.02152E+03
 3.56723E+03	 2.02176E+03
 3.56910E+03	 2.01856E+03
 3.57098E+03	 2.02656E+03
 3.57285E+03	 2.02504E+03
 3.57472E+03	 2.02246E+03
 3.57660E+03	 2.02664E+03
 3.57847E+03	 2.02458E+03
 3.58034E+03	 2.02938E+03
 3.58221E+03	 2.03034E+03
 3.58408E+03	 2.02614E+03
 3.58595E+03	 2.03002E+03
 3.58782E+03	 2.03864E+03
 3.58969E+03	 2.03138E+03
 3.59156E+03	 2.03496E+03
 3.59342E+03	 2.03324E+03
 3.59529E+03	 2.03214E+03
 3.59716E+03	 2.04052E+03
 3.59902E+03	 2.02982E+03
 3.60089E+03	 2.03248E+03
 3.60275E+03	 2.03360E+03
 3.60462E+03	 2.02844E+03
 3.60648E+03	 2.04306E+03
 3.60835E+03	 2.04098E+03
 3.61021E+03	 2.04344E+03
 3.61207E+03	 2.03938E+03
 3.61394E+03	 2.03112E+03
 3.61580E+03	 2.04420E+03
 3.61766E+03	 2.04728E+03
 3.61952E+03	 2.04252E+03
 3.62138E+03	 2.04678E+03
 3.62324E+03	 2.03728E+03
 3.62510E+03	 2.04854E+03
 3.62696E+03	 2.04680E+03
 3.62882E+03	 2.04898E+03
 3.63068E+03	 2.05426E+03
 3.63254E+03	 2.04658E+03
 3.63439E+03	 2.04258E+03
 3.63625E+03	 2.05104E+03
 3.63811E+03	 2.04744E+03
 3.63996E+03	 2.04722E+03
 3.64182E+03	 2.05266E+03
 3.64367E+03	 2.04728E+03
 3.64553E+03	 2.05516E+03
 3.64738E+03	 2.05426E+03
 3.64923E+03	 2.05722E+03
 3.65109E+03	 2.06380E+03
 3.65294E+03	 2.05772E+03
 3.65479E+03	 2.06766E+03
 3.65664E+03	 2.06646E+03
 3.65849E+03	 2.05682E+03
 3.66034E+03	 2.05980E+03
 3.66219E+03	 2.05310E+03
 3.66404E+03	 2.06048E+03
 3.66589E+03	 2.06762E+03
 3.66774E+03	 2.06416E+03
 3.66959E+03	 2.07338E+03
 3.67144E+03	 2.07168E+03
 3.67328E+03	 2.07134E+03
 3.67513E+03	 2.07156E+03
 3.67698E+03	 2.06818E+03
 3.67882E+03	 2.06566E+03
 3.68067E+03	 2.07298E+03
 3.68251E+03	 2.07054E+03
 3.68436E+03	 2.07292E+03
 3.68620E+03	 2.08356E+03
 3.68804E+03	 2.07790E+03
 3.68989E+03	 2.08014E+03
 3.69173E+03	 2.08080E+03
 3.69357E+03	 2.08252E+03
 3.69541E+03	 2.07950E+03
 3.69725E+03	 2.08268E+03
 3.69909E+03	 2.07940E+03
 3.70093E+03	 2.08114E+03
 3.70277E+03	 2.08620E+03
 3.70461E+03	 2.09000E+03
 3.70645E+03	 2.08526E+03
 3.70829E+03	 2.09498E+03
 3.71013E+03	 2.08582E+03
 3.71197E+03	 2.09100E+03
 3.71380E+03	 2.09014E+03
 3.71564E+03	 2.08386E+03
 3.71747E+03	 2.09756E+03
 3.71931E+03	 2.09088E+03
 3.72115E+03	 2.09228E+03
 3.72298E+03	 2.09550E+03
 3.72481E+03	 2.09072E+03
 3.72665E+03	 2.10300E+03
 3.72848E+03	 2.09676E+03
 3.73031E+03	 2.10116E+03
 3.73214E+03	 2.09418E+03
