//Exported ASCII-File
[Header]
FileName = D:\User\JN 25\JN25045\Alex Leide annealing\REFEL Ne 300 2,5dpa\REFEL Ne 300 2,5dpa anneal.wip
GraphName = REFEL Ne 300 2,5dpa-1200  5mins--Spectrum--037--Spec.Data 1
SizeX = 1
SizeY = 1
SizeGraph = 1600
PositionUnit = 痠
PositionX = 5713.80000002328
PositionY = 10044.0000000233
PositionZ = 9.33
XAxisUnit = rel. 1/cm
DataUnit = CCD cts

[Data]
X-Axis	REFEL Ne 300 2,5dpa-1200  5mins--Spectrum--037--Spec.Data 1
 2.65845E+01	 1.34720E+03
 2.95325E+01	 1.34618E+03
 3.24795E+01	 1.34668E+03
 3.54254E+01	 1.34678E+03
 3.83703E+01	 1.34642E+03
 4.13142E+01	 1.34792E+03
 4.42570E+01	 1.34712E+03
 4.71989E+01	 1.34750E+03
 5.01397E+01	 1.34698E+03
 5.30795E+01	 1.34720E+03
 5.60182E+01	 1.34906E+03
 5.89559E+01	 1.35062E+03
 6.18927E+01	 1.35974E+03
 6.48283E+01	 1.37502E+03
 6.77630E+01	 1.40204E+03
 7.06967E+01	 1.42430E+03
 7.36293E+01	 1.44420E+03
 7.65609E+01	 1.45254E+03
 7.94915E+01	 1.45698E+03
 8.24211E+01	 1.45774E+03
 8.53496E+01	 1.45536E+03
 8.82771E+01	 1.46120E+03
 9.12037E+01	 1.46120E+03
 9.41292E+01	 1.46070E+03
 9.70536E+01	 1.46172E+03
 9.99771E+01	 1.46328E+03
 1.02900E+02	 1.46422E+03
 1.05821E+02	 1.46138E+03
 1.08741E+02	 1.46266E+03
 1.11661E+02	 1.46346E+03
 1.14579E+02	 1.46392E+03
 1.17497E+02	 1.46670E+03
 1.20413E+02	 1.46532E+03
 1.23328E+02	 1.47082E+03
 1.26243E+02	 1.46956E+03
 1.29156E+02	 1.47026E+03
 1.32068E+02	 1.47024E+03
 1.34980E+02	 1.47204E+03
 1.37890E+02	 1.47046E+03
 1.40799E+02	 1.47418E+03
 1.43708E+02	 1.47770E+03
 1.46615E+02	 1.47564E+03
 1.49521E+02	 1.48018E+03
 1.52427E+02	 1.47680E+03
 1.55331E+02	 1.47962E+03
 1.58234E+02	 1.48032E+03
 1.61137E+02	 1.48130E+03
 1.64038E+02	 1.47408E+03
 1.66938E+02	 1.47758E+03
 1.69837E+02	 1.47908E+03
 1.72736E+02	 1.48188E+03
 1.75633E+02	 1.48122E+03
 1.78529E+02	 1.48152E+03
 1.81425E+02	 1.48156E+03
 1.84319E+02	 1.47926E+03
 1.87212E+02	 1.48364E+03
 1.90105E+02	 1.47900E+03
 1.92996E+02	 1.47856E+03
 1.95886E+02	 1.48118E+03
 1.98775E+02	 1.48246E+03
 2.01664E+02	 1.48054E+03
 2.04551E+02	 1.48074E+03
 2.07437E+02	 1.47904E+03
 2.10323E+02	 1.48144E+03
 2.13207E+02	 1.47968E+03
 2.16090E+02	 1.48592E+03
 2.18973E+02	 1.48446E+03
 2.21854E+02	 1.48300E+03
 2.24735E+02	 1.48430E+03
 2.27614E+02	 1.48262E+03
 2.30492E+02	 1.48018E+03
 2.33370E+02	 1.48242E+03
 2.36246E+02	 1.48502E+03
 2.39122E+02	 1.48102E+03
 2.41996E+02	 1.48256E+03
 2.44870E+02	 1.48244E+03
 2.47742E+02	 1.48322E+03
 2.50614E+02	 1.48216E+03
 2.53484E+02	 1.48310E+03
 2.56354E+02	 1.48450E+03
 2.59222E+02	 1.48318E+03
 2.62090E+02	 1.48278E+03
 2.64956E+02	 1.48604E+03
 2.67822E+02	 1.48010E+03
 2.70687E+02	 1.47982E+03
 2.73550E+02	 1.48542E+03
 2.76413E+02	 1.47830E+03
 2.79275E+02	 1.48440E+03
 2.82135E+02	 1.48286E+03
 2.84995E+02	 1.48448E+03
 2.87854E+02	 1.47976E+03
 2.90711E+02	 1.48496E+03
 2.93568E+02	 1.48456E+03
 2.96424E+02	 1.48152E+03
 2.99279E+02	 1.47950E+03
 3.02133E+02	 1.47588E+03
 3.04986E+02	 1.48006E+03
 3.07838E+02	 1.47744E+03
 3.10689E+02	 1.47368E+03
 3.13538E+02	 1.47416E+03
 3.16387E+02	 1.47906E+03
 3.19236E+02	 1.47768E+03
 3.22083E+02	 1.47444E+03
 3.24929E+02	 1.47220E+03
 3.27774E+02	 1.47336E+03
 3.30618E+02	 1.47780E+03
 3.33461E+02	 1.46976E+03
 3.36303E+02	 1.47436E+03
 3.39145E+02	 1.47134E+03
 3.41985E+02	 1.47074E+03
 3.44824E+02	 1.47166E+03
 3.47663E+02	 1.46882E+03
 3.50500E+02	 1.47196E+03
 3.53336E+02	 1.47116E+03
 3.56172E+02	 1.47448E+03
 3.59006E+02	 1.47198E+03
 3.61840E+02	 1.47004E+03
 3.64672E+02	 1.46936E+03
 3.67504E+02	 1.47188E+03
 3.70335E+02	 1.47130E+03
 3.73164E+02	 1.47118E+03
 3.75993E+02	 1.47292E+03
 3.78821E+02	 1.47158E+03
 3.81648E+02	 1.47352E+03
 3.84473E+02	 1.47140E+03
 3.87298E+02	 1.47028E+03
 3.90122E+02	 1.46826E+03
 3.92945E+02	 1.47458E+03
 3.95767E+02	 1.47036E+03
 3.98588E+02	 1.47232E+03
 4.01408E+02	 1.47234E+03
 4.04227E+02	 1.47124E+03
 4.07046E+02	 1.47206E+03
 4.09863E+02	 1.47174E+03
 4.12679E+02	 1.47108E+03
 4.15494E+02	 1.47066E+03
 4.18309E+02	 1.47010E+03
 4.21122E+02	 1.47010E+03
 4.23935E+02	 1.47060E+03
 4.26746E+02	 1.47310E+03
 4.29557E+02	 1.46926E+03
 4.32366E+02	 1.47562E+03
 4.35175E+02	 1.47230E+03
 4.37983E+02	 1.47294E+03
 4.40790E+02	 1.47604E+03
 4.43595E+02	 1.47168E+03
 4.46400E+02	 1.47712E+03
 4.49204E+02	 1.47454E+03
 4.52007E+02	 1.47802E+03
 4.54809E+02	 1.47996E+03
 4.57610E+02	 1.47990E+03
 4.60410E+02	 1.48494E+03
 4.63210E+02	 1.48420E+03
 4.66008E+02	 1.48640E+03
 4.68805E+02	 1.49304E+03
 4.71602E+02	 1.49288E+03
 4.74397E+02	 1.50320E+03
 4.77192E+02	 1.50892E+03
 4.79985E+02	 1.51648E+03
 4.82778E+02	 1.52182E+03
 4.85569E+02	 1.52720E+03
 4.88360E+02	 1.53188E+03
 4.91150E+02	 1.52136E+03
 4.93939E+02	 1.52258E+03
 4.96727E+02	 1.51610E+03
 4.99514E+02	 1.50704E+03
 5.02300E+02	 1.50000E+03
 5.05085E+02	 1.49736E+03
 5.07869E+02	 1.49074E+03
 5.10652E+02	 1.48850E+03
 5.13435E+02	 1.48534E+03
 5.16216E+02	 1.48718E+03
 5.18996E+02	 1.48436E+03
 5.21776E+02	 1.48330E+03
 5.24554E+02	 1.47950E+03
 5.27332E+02	 1.48084E+03
 5.30109E+02	 1.48202E+03
 5.32885E+02	 1.48180E+03
 5.35659E+02	 1.48292E+03
 5.38433E+02	 1.47990E+03
 5.41206E+02	 1.47818E+03
 5.43978E+02	 1.47868E+03
 5.46750E+02	 1.47148E+03
 5.49520E+02	 1.47280E+03
 5.52289E+02	 1.47682E+03
 5.55057E+02	 1.47474E+03
 5.57825E+02	 1.47002E+03
 5.60591E+02	 1.46574E+03
 5.63357E+02	 1.46880E+03
 5.66122E+02	 1.46988E+03
 5.68885E+02	 1.47028E+03
 5.71648E+02	 1.46582E+03
 5.74410E+02	 1.46610E+03
 5.77171E+02	 1.46558E+03
 5.79931E+02	 1.46414E+03
 5.82690E+02	 1.46494E+03
 5.85448E+02	 1.46646E+03
 5.88206E+02	 1.46504E+03
 5.90962E+02	 1.46256E+03
 5.93717E+02	 1.46528E+03
 5.96472E+02	 1.46114E+03
 5.99225E+02	 1.46342E+03
 6.01978E+02	 1.46130E+03
 6.04730E+02	 1.46022E+03
 6.07481E+02	 1.46462E+03
 6.10231E+02	 1.46222E+03
 6.12980E+02	 1.46216E+03
 6.15728E+02	 1.46244E+03
 6.18475E+02	 1.46068E+03
 6.21221E+02	 1.45936E+03
 6.23967E+02	 1.45852E+03
 6.26711E+02	 1.45698E+03
 6.29454E+02	 1.45704E+03
 6.32197E+02	 1.46042E+03
 6.34939E+02	 1.46256E+03
 6.37680E+02	 1.46184E+03
 6.40419E+02	 1.46342E+03
 6.43158E+02	 1.46280E+03
 6.45896E+02	 1.46510E+03
 6.48634E+02	 1.46526E+03
 6.51370E+02	 1.46220E+03
 6.54105E+02	 1.45650E+03
 6.56840E+02	 1.46130E+03
 6.59573E+02	 1.46192E+03
 6.62306E+02	 1.45992E+03
 6.65037E+02	 1.46148E+03
 6.67768E+02	 1.46104E+03
 6.70498E+02	 1.46424E+03
 6.73227E+02	 1.46128E+03
 6.75955E+02	 1.46104E+03
 6.78682E+02	 1.46408E+03
 6.81409E+02	 1.46008E+03
 6.84134E+02	 1.45982E+03
 6.86858E+02	 1.46658E+03
 6.89582E+02	 1.46356E+03
 6.92305E+02	 1.46560E+03
 6.95026E+02	 1.46502E+03
 6.97747E+02	 1.46788E+03
 7.00467E+02	 1.46916E+03
 7.03186E+02	 1.46932E+03
 7.05905E+02	 1.47084E+03
 7.08622E+02	 1.47236E+03
 7.11338E+02	 1.47000E+03
 7.14054E+02	 1.47574E+03
 7.16768E+02	 1.47396E+03
 7.19482E+02	 1.47670E+03
 7.22195E+02	 1.47366E+03
 7.24907E+02	 1.47634E+03
 7.27618E+02	 1.47536E+03
 7.30328E+02	 1.47444E+03
 7.33037E+02	 1.47832E+03
 7.35745E+02	 1.48018E+03
 7.38453E+02	 1.48396E+03
 7.41159E+02	 1.48300E+03
 7.43865E+02	 1.48300E+03
 7.46569E+02	 1.48732E+03
 7.49273E+02	 1.48806E+03
 7.51976E+02	 1.49508E+03
 7.54678E+02	 1.49262E+03
 7.57379E+02	 1.48876E+03
 7.60080E+02	 1.49182E+03
 7.62779E+02	 1.49092E+03
 7.65478E+02	 1.49606E+03
 7.68175E+02	 1.49218E+03
 7.70872E+02	 1.48746E+03
 7.73568E+02	 1.48752E+03
 7.76263E+02	 1.48404E+03
 7.78957E+02	 1.48686E+03
 7.81650E+02	 1.47974E+03
 7.84342E+02	 1.47558E+03
 7.87034E+02	 1.47518E+03
 7.89724E+02	 1.47246E+03
 7.92414E+02	 1.47486E+03
 7.95103E+02	 1.47402E+03
 7.97791E+02	 1.47492E+03
 8.00478E+02	 1.46908E+03
 8.03164E+02	 1.47292E+03
 8.05849E+02	 1.46734E+03
 8.08533E+02	 1.46986E+03
 8.11217E+02	 1.47144E+03
 8.13899E+02	 1.47026E+03
 8.16581E+02	 1.47526E+03
 8.19262E+02	 1.47176E+03
 8.21942E+02	 1.47290E+03
 8.24621E+02	 1.47662E+03
 8.27299E+02	 1.47350E+03
 8.29977E+02	 1.47644E+03
 8.32653E+02	 1.47662E+03
 8.35329E+02	 1.47668E+03
 8.38003E+02	 1.47190E+03
 8.40677E+02	 1.47286E+03
 8.43350E+02	 1.47782E+03
 8.46022E+02	 1.47596E+03
 8.48693E+02	 1.47792E+03
 8.51364E+02	 1.47802E+03
 8.54033E+02	 1.47706E+03
 8.56702E+02	 1.47732E+03
 8.59370E+02	 1.47578E+03
 8.62036E+02	 1.47538E+03
 8.64702E+02	 1.48082E+03
 8.67367E+02	 1.48450E+03
 8.70032E+02	 1.48130E+03
 8.72695E+02	 1.48198E+03
 8.75358E+02	 1.48110E+03
 8.78019E+02	 1.48040E+03
 8.80680E+02	 1.48132E+03
 8.83340E+02	 1.48102E+03
 8.85999E+02	 1.48384E+03
 8.88657E+02	 1.48252E+03
 8.91314E+02	 1.48582E+03
 8.93971E+02	 1.48628E+03
 8.96626E+02	 1.48844E+03
 8.99281E+02	 1.48568E+03
 9.01935E+02	 1.48926E+03
 9.04588E+02	 1.48504E+03
 9.07240E+02	 1.48762E+03
 9.09891E+02	 1.48784E+03
 9.12541E+02	 1.48776E+03
 9.15191E+02	 1.48404E+03
 9.17840E+02	 1.48682E+03
 9.20487E+02	 1.48836E+03
 9.23134E+02	 1.48862E+03
 9.25780E+02	 1.48380E+03
 9.28426E+02	 1.48366E+03
 9.31070E+02	 1.48584E+03
 9.33714E+02	 1.47754E+03
 9.36356E+02	 1.47838E+03
 9.38998E+02	 1.47518E+03
 9.41639E+02	 1.47354E+03
 9.44279E+02	 1.47714E+03
 9.46918E+02	 1.47394E+03
 9.49557E+02	 1.47322E+03
 9.52194E+02	 1.47162E+03
 9.54831E+02	 1.47324E+03
 9.57466E+02	 1.47188E+03
 9.60101E+02	 1.47398E+03
 9.62735E+02	 1.47398E+03
 9.65369E+02	 1.47326E+03
 9.68001E+02	 1.47022E+03
 9.70633E+02	 1.46918E+03
 9.73263E+02	 1.47188E+03
 9.75893E+02	 1.46714E+03
 9.78522E+02	 1.47060E+03
 9.81150E+02	 1.47144E+03
 9.83777E+02	 1.47068E+03
 9.86404E+02	 1.47000E+03
 9.89029E+02	 1.47132E+03
 9.91654E+02	 1.46828E+03
 9.94278E+02	 1.47136E+03
 9.96901E+02	 1.46716E+03
 9.99523E+02	 1.46760E+03
 1.00214E+03	 1.47032E+03
 1.00477E+03	 1.47114E+03
 1.00738E+03	 1.47408E+03
 1.01000E+03	 1.47400E+03
 1.01262E+03	 1.47090E+03
 1.01524E+03	 1.47186E+03
 1.01785E+03	 1.47164E+03
 1.02047E+03	 1.47442E+03
 1.02308E+03	 1.47138E+03
 1.02570E+03	 1.46982E+03
 1.02831E+03	 1.47224E+03
 1.03092E+03	 1.47354E+03
 1.03353E+03	 1.47298E+03
 1.03614E+03	 1.47268E+03
 1.03875E+03	 1.47188E+03
 1.04136E+03	 1.47186E+03
 1.04397E+03	 1.47248E+03
 1.04658E+03	 1.47344E+03
 1.04918E+03	 1.47238E+03
 1.05179E+03	 1.47524E+03
 1.05439E+03	 1.47134E+03
 1.05700E+03	 1.47526E+03
 1.05960E+03	 1.47148E+03
 1.06220E+03	 1.46976E+03
 1.06480E+03	 1.47132E+03
 1.06740E+03	 1.47394E+03
 1.07000E+03	 1.47224E+03
 1.07260E+03	 1.47314E+03
 1.07520E+03	 1.47018E+03
 1.07780E+03	 1.47590E+03
 1.08039E+03	 1.47856E+03
 1.08299E+03	 1.47096E+03
 1.08558E+03	 1.47644E+03
 1.08818E+03	 1.47538E+03
 1.09077E+03	 1.47238E+03
 1.09336E+03	 1.47476E+03
 1.09595E+03	 1.47544E+03
 1.09854E+03	 1.47478E+03
 1.10113E+03	 1.46996E+03
 1.10372E+03	 1.47430E+03
 1.10631E+03	 1.47418E+03
 1.10890E+03	 1.47496E+03
 1.11148E+03	 1.47748E+03
 1.11407E+03	 1.47536E+03
 1.11665E+03	 1.47846E+03
 1.11924E+03	 1.47736E+03
 1.12182E+03	 1.47988E+03
 1.12440E+03	 1.47756E+03
 1.12698E+03	 1.47706E+03
 1.12956E+03	 1.47868E+03
 1.13214E+03	 1.47952E+03
 1.13472E+03	 1.47762E+03
 1.13730E+03	 1.47582E+03
 1.13987E+03	 1.47912E+03
 1.14245E+03	 1.47658E+03
 1.14503E+03	 1.48158E+03
 1.14760E+03	 1.47734E+03
 1.15017E+03	 1.48054E+03
 1.15275E+03	 1.47998E+03
 1.15532E+03	 1.47740E+03
 1.15789E+03	 1.47440E+03
 1.16046E+03	 1.48052E+03
 1.16303E+03	 1.47898E+03
 1.16560E+03	 1.47980E+03
 1.16817E+03	 1.47974E+03
 1.17074E+03	 1.48220E+03
 1.17330E+03	 1.47848E+03
 1.17587E+03	 1.48180E+03
 1.17843E+03	 1.48366E+03
 1.18100E+03	 1.47964E+03
 1.18356E+03	 1.48108E+03
 1.18612E+03	 1.48232E+03
 1.18868E+03	 1.48166E+03
 1.19124E+03	 1.48060E+03
 1.19380E+03	 1.48274E+03
 1.19636E+03	 1.48346E+03
 1.19892E+03	 1.48242E+03
 1.20148E+03	 1.48350E+03
 1.20404E+03	 1.48328E+03
 1.20659E+03	 1.48104E+03
 1.20915E+03	 1.48600E+03
 1.21170E+03	 1.48342E+03
 1.21425E+03	 1.48152E+03
 1.21681E+03	 1.48810E+03
 1.21936E+03	 1.48492E+03
 1.22191E+03	 1.48674E+03
 1.22446E+03	 1.48650E+03
 1.22701E+03	 1.48588E+03
 1.22956E+03	 1.48506E+03
 1.23210E+03	 1.48456E+03
 1.23465E+03	 1.48662E+03
 1.23720E+03	 1.48698E+03
 1.23974E+03	 1.48316E+03
 1.24229E+03	 1.48570E+03
 1.24483E+03	 1.48708E+03
 1.24737E+03	 1.48798E+03
 1.24992E+03	 1.48624E+03
 1.25246E+03	 1.48248E+03
 1.25500E+03	 1.48130E+03
 1.25754E+03	 1.48516E+03
 1.26008E+03	 1.48772E+03
 1.26261E+03	 1.48646E+03
 1.26515E+03	 1.48786E+03
 1.26769E+03	 1.48652E+03
 1.27022E+03	 1.48370E+03
 1.27276E+03	 1.48740E+03
 1.27529E+03	 1.48366E+03
 1.27783E+03	 1.48482E+03
 1.28036E+03	 1.48748E+03
 1.28289E+03	 1.48588E+03
 1.28542E+03	 1.49104E+03
 1.28795E+03	 1.48818E+03
 1.29048E+03	 1.48798E+03
 1.29301E+03	 1.48862E+03
 1.29554E+03	 1.48766E+03
 1.29806E+03	 1.48796E+03
 1.30059E+03	 1.48938E+03
 1.30311E+03	 1.48916E+03
 1.30564E+03	 1.48908E+03
 1.30816E+03	 1.48886E+03
 1.31069E+03	 1.49002E+03
 1.31321E+03	 1.49328E+03
 1.31573E+03	 1.48798E+03
 1.31825E+03	 1.49092E+03
 1.32077E+03	 1.49218E+03
 1.32329E+03	 1.49244E+03
 1.32581E+03	 1.49314E+03
 1.32832E+03	 1.49154E+03
 1.33084E+03	 1.49268E+03
 1.33336E+03	 1.49042E+03
 1.33587E+03	 1.49366E+03
 1.33838E+03	 1.49446E+03
 1.34090E+03	 1.49422E+03
 1.34341E+03	 1.49430E+03
 1.34592E+03	 1.49494E+03
 1.34843E+03	 1.49084E+03
 1.35094E+03	 1.49088E+03
 1.35345E+03	 1.49320E+03
 1.35596E+03	 1.49356E+03
 1.35847E+03	 1.49232E+03
 1.36098E+03	 1.49502E+03
 1.36348E+03	 1.49334E+03
 1.36599E+03	 1.49456E+03
 1.36849E+03	 1.49820E+03
 1.37100E+03	 1.49494E+03
 1.37350E+03	 1.49342E+03
 1.37600E+03	 1.49508E+03
 1.37850E+03	 1.49432E+03
 1.38100E+03	 1.49804E+03
 1.38350E+03	 1.49864E+03
 1.38600E+03	 1.49330E+03
 1.38850E+03	 1.49546E+03
 1.39100E+03	 1.49786E+03
 1.39350E+03	 1.50102E+03
 1.39599E+03	 1.49808E+03
 1.39849E+03	 1.49328E+03
 1.40098E+03	 1.49932E+03
 1.40348E+03	 1.49784E+03
 1.40597E+03	 1.49486E+03
 1.40846E+03	 1.49964E+03
 1.41095E+03	 1.49780E+03
 1.41344E+03	 1.49400E+03
 1.41593E+03	 1.49706E+03
 1.41842E+03	 1.49968E+03
 1.42091E+03	 1.49616E+03
 1.42340E+03	 1.49794E+03
 1.42588E+03	 1.50222E+03
 1.42837E+03	 1.50188E+03
 1.43086E+03	 1.50292E+03
 1.43334E+03	 1.50086E+03
 1.43582E+03	 1.49654E+03
 1.43831E+03	 1.49866E+03
 1.44079E+03	 1.50394E+03
 1.44327E+03	 1.50398E+03
 1.44575E+03	 1.50520E+03
 1.44823E+03	 1.50298E+03
 1.45071E+03	 1.50150E+03
 1.45319E+03	 1.50266E+03
 1.45566E+03	 1.50306E+03
 1.45814E+03	 1.50320E+03
 1.46062E+03	 1.50338E+03
 1.46309E+03	 1.50560E+03
 1.46557E+03	 1.50364E+03
 1.46804E+03	 1.50198E+03
 1.47051E+03	 1.50308E+03
 1.47298E+03	 1.50320E+03
 1.47546E+03	 1.50166E+03
 1.47793E+03	 1.50090E+03
 1.48040E+03	 1.50358E+03
 1.48286E+03	 1.50388E+03
 1.48533E+03	 1.50244E+03
 1.48780E+03	 1.50342E+03
 1.49027E+03	 1.50166E+03
 1.49273E+03	 1.50084E+03
 1.49520E+03	 1.50092E+03
 1.49766E+03	 1.50218E+03
 1.50013E+03	 1.50278E+03
 1.50259E+03	 1.50430E+03
 1.50505E+03	 1.50074E+03
 1.50751E+03	 1.50614E+03
 1.50997E+03	 1.50634E+03
 1.51243E+03	 1.50574E+03
 1.51489E+03	 1.50416E+03
 1.51735E+03	 1.50632E+03
 1.51981E+03	 1.50636E+03
 1.52226E+03	 1.50966E+03
 1.52472E+03	 1.50800E+03
 1.52718E+03	 1.50672E+03
 1.52963E+03	 1.50778E+03
 1.53208E+03	 1.50882E+03
 1.53454E+03	 1.51094E+03
 1.53699E+03	 1.50802E+03
 1.53944E+03	 1.51168E+03
 1.54189E+03	 1.51320E+03
 1.54434E+03	 1.51536E+03
 1.54679E+03	 1.51360E+03
 1.54924E+03	 1.51226E+03
 1.55169E+03	 1.51502E+03
 1.55413E+03	 1.51496E+03
 1.55658E+03	 1.51298E+03
 1.55902E+03	 1.51500E+03
 1.56147E+03	 1.51750E+03
 1.56391E+03	 1.51472E+03
 1.56636E+03	 1.51418E+03
 1.56880E+03	 1.51476E+03
 1.57124E+03	 1.51790E+03
 1.57368E+03	 1.51452E+03
 1.57612E+03	 1.51688E+03
 1.57856E+03	 1.51454E+03
 1.58100E+03	 1.52018E+03
 1.58344E+03	 1.51716E+03
 1.58587E+03	 1.51456E+03
 1.58831E+03	 1.51682E+03
 1.59074E+03	 1.51530E+03
 1.59318E+03	 1.51616E+03
 1.59561E+03	 1.51528E+03
 1.59805E+03	 1.52010E+03
 1.60048E+03	 1.51672E+03
 1.60291E+03	 1.52022E+03
 1.60534E+03	 1.51522E+03
 1.60777E+03	 1.51580E+03
 1.61020E+03	 1.51482E+03
 1.61263E+03	 1.51780E+03
 1.61506E+03	 1.51752E+03
 1.61749E+03	 1.51578E+03
 1.61991E+03	 1.51652E+03
 1.62234E+03	 1.52006E+03
 1.62476E+03	 1.51652E+03
 1.62719E+03	 1.52238E+03
 1.62961E+03	 1.51726E+03
 1.63203E+03	 1.51620E+03
 1.63446E+03	 1.51636E+03
 1.63688E+03	 1.51970E+03
 1.63930E+03	 1.52284E+03
 1.64172E+03	 1.52032E+03
 1.64414E+03	 1.51990E+03
 1.64656E+03	 1.52036E+03
 1.64897E+03	 1.51974E+03
 1.65139E+03	 1.52018E+03
 1.65381E+03	 1.52712E+03
 1.65622E+03	 1.52472E+03
 1.65864E+03	 1.52400E+03
 1.66105E+03	 1.52286E+03
 1.66346E+03	 1.52384E+03
 1.66588E+03	 1.52402E+03
 1.66829E+03	 1.52460E+03
 1.67070E+03	 1.52718E+03
 1.67311E+03	 1.52416E+03
 1.67552E+03	 1.52728E+03
 1.67793E+03	 1.52562E+03
 1.68034E+03	 1.53102E+03
 1.68274E+03	 1.52944E+03
 1.68515E+03	 1.52980E+03
 1.68756E+03	 1.52740E+03
 1.68996E+03	 1.53112E+03
 1.69236E+03	 1.53238E+03
 1.69477E+03	 1.53380E+03
 1.69717E+03	 1.53394E+03
 1.69957E+03	 1.53040E+03
 1.70197E+03	 1.53114E+03
 1.70438E+03	 1.53406E+03
 1.70678E+03	 1.53148E+03
 1.70917E+03	 1.53162E+03
 1.71157E+03	 1.53142E+03
 1.71397E+03	 1.53426E+03
 1.71637E+03	 1.53164E+03
 1.71876E+03	 1.53022E+03
 1.72116E+03	 1.53290E+03
 1.72355E+03	 1.53436E+03
 1.72595E+03	 1.53022E+03
 1.72834E+03	 1.52966E+03
 1.73073E+03	 1.53158E+03
 1.73313E+03	 1.52734E+03
 1.73552E+03	 1.52480E+03
 1.73791E+03	 1.52340E+03
 1.74030E+03	 1.52722E+03
 1.74269E+03	 1.52616E+03
 1.74507E+03	 1.53266E+03
 1.74746E+03	 1.52812E+03
 1.74985E+03	 1.53048E+03
 1.75224E+03	 1.54050E+03
 1.75462E+03	 1.53434E+03
 1.75701E+03	 1.53814E+03
 1.75939E+03	 1.53810E+03
 1.76177E+03	 1.53754E+03
 1.76415E+03	 1.53588E+03
 1.76654E+03	 1.53756E+03
 1.76892E+03	 1.53442E+03
 1.77130E+03	 1.53698E+03
 1.77368E+03	 1.53768E+03
 1.77606E+03	 1.53846E+03
 1.77843E+03	 1.54008E+03
 1.78081E+03	 1.53822E+03
 1.78319E+03	 1.54090E+03
 1.78556E+03	 1.53828E+03
 1.78794E+03	 1.53926E+03
 1.79031E+03	 1.53990E+03
 1.79269E+03	 1.54104E+03
 1.79506E+03	 1.53970E+03
 1.79743E+03	 1.54252E+03
 1.79981E+03	 1.53976E+03
 1.80218E+03	 1.53872E+03
 1.80455E+03	 1.54190E+03
 1.80692E+03	 1.53746E+03
 1.80928E+03	 1.53708E+03
 1.81165E+03	 1.54372E+03
 1.81402E+03	 1.54242E+03
 1.81639E+03	 1.54184E+03
 1.81875E+03	 1.53918E+03
 1.82112E+03	 1.53942E+03
 1.82348E+03	 1.54148E+03
 1.82585E+03	 1.54108E+03
 1.82821E+03	 1.54256E+03
 1.83057E+03	 1.54456E+03
 1.83293E+03	 1.54266E+03
 1.83529E+03	 1.54184E+03
 1.83765E+03	 1.54772E+03
 1.84001E+03	 1.54370E+03
 1.84237E+03	 1.54048E+03
 1.84473E+03	 1.54202E+03
 1.84709E+03	 1.54228E+03
 1.84944E+03	 1.54292E+03
 1.85180E+03	 1.54658E+03
 1.85416E+03	 1.54750E+03
 1.85651E+03	 1.54336E+03
 1.85886E+03	 1.54446E+03
 1.86122E+03	 1.54346E+03
 1.86357E+03	 1.54786E+03
 1.86592E+03	 1.54724E+03
 1.86827E+03	 1.54440E+03
 1.87062E+03	 1.54960E+03
 1.87297E+03	 1.55426E+03
 1.87532E+03	 1.55330E+03
 1.87767E+03	 1.55262E+03
 1.88002E+03	 1.54826E+03
 1.88236E+03	 1.55016E+03
 1.88471E+03	 1.55068E+03
 1.88705E+03	 1.55056E+03
 1.88940E+03	 1.55384E+03
 1.89174E+03	 1.55130E+03
 1.89409E+03	 1.55502E+03
 1.89643E+03	 1.55426E+03
 1.89877E+03	 1.55700E+03
 1.90111E+03	 1.55542E+03
 1.90345E+03	 1.55782E+03
 1.90579E+03	 1.55528E+03
 1.90813E+03	 1.55744E+03
 1.91047E+03	 1.55700E+03
 1.91281E+03	 1.56314E+03
 1.91514E+03	 1.56036E+03
 1.91748E+03	 1.55862E+03
 1.91981E+03	 1.56108E+03
 1.92215E+03	 1.55826E+03
 1.92448E+03	 1.56364E+03
 1.92682E+03	 1.56110E+03
 1.92915E+03	 1.56036E+03
 1.93148E+03	 1.55826E+03
 1.93381E+03	 1.55738E+03
 1.93614E+03	 1.55612E+03
 1.93847E+03	 1.56094E+03
 1.94080E+03	 1.56110E+03
 1.94313E+03	 1.56102E+03
 1.94546E+03	 1.56292E+03
 1.94778E+03	 1.55990E+03
 1.95011E+03	 1.55858E+03
 1.95244E+03	 1.55646E+03
 1.95476E+03	 1.55332E+03
 1.95709E+03	 1.55856E+03
 1.95941E+03	 1.56572E+03
 1.96173E+03	 1.55512E+03
 1.96405E+03	 1.55940E+03
 1.96638E+03	 1.56116E+03
 1.96870E+03	 1.56212E+03
 1.97102E+03	 1.56050E+03
 1.97334E+03	 1.55964E+03
 1.97566E+03	 1.56188E+03
 1.97797E+03	 1.55860E+03
 1.98029E+03	 1.56762E+03
 1.98261E+03	 1.56276E+03
 1.98492E+03	 1.56524E+03
 1.98724E+03	 1.57036E+03
 1.98955E+03	 1.56652E+03
 1.99187E+03	 1.56834E+03
 1.99418E+03	 1.56130E+03
 1.99649E+03	 1.56556E+03
 1.99880E+03	 1.56656E+03
 2.00112E+03	 1.57204E+03
 2.00343E+03	 1.56810E+03
 2.00574E+03	 1.57440E+03
 2.00804E+03	 1.57214E+03
 2.01035E+03	 1.57032E+03
 2.01266E+03	 1.57314E+03
 2.01497E+03	 1.57108E+03
 2.01727E+03	 1.57076E+03
 2.01958E+03	 1.57080E+03
 2.02188E+03	 1.57368E+03
 2.02419E+03	 1.57560E+03
 2.02649E+03	 1.57034E+03
 2.02880E+03	 1.57676E+03
 2.03110E+03	 1.57568E+03
 2.03340E+03	 1.57964E+03
 2.03570E+03	 1.57582E+03
 2.03800E+03	 1.57962E+03
 2.04030E+03	 1.57830E+03
 2.04260E+03	 1.57272E+03
 2.04490E+03	 1.58038E+03
 2.04719E+03	 1.58536E+03
 2.04949E+03	 1.57388E+03
 2.05179E+03	 1.57762E+03
 2.05408E+03	 1.58284E+03
 2.05638E+03	 1.57836E+03
 2.05867E+03	 1.57898E+03
 2.06096E+03	 1.57624E+03
 2.06326E+03	 1.57736E+03
 2.06555E+03	 1.57478E+03
 2.06784E+03	 1.57500E+03
 2.07013E+03	 1.58060E+03
 2.07242E+03	 1.58468E+03
 2.07471E+03	 1.58206E+03
 2.07700E+03	 1.58232E+03
 2.07929E+03	 1.57700E+03
 2.08157E+03	 1.57582E+03
 2.08386E+03	 1.57776E+03
 2.08615E+03	 1.57520E+03
 2.08843E+03	 1.58038E+03
 2.09072E+03	 1.58002E+03
 2.09300E+03	 1.58276E+03
 2.09528E+03	 1.58252E+03
 2.09756E+03	 1.58366E+03
 2.09985E+03	 1.58042E+03
 2.10213E+03	 1.58082E+03
 2.10441E+03	 1.58556E+03
 2.10669E+03	 1.58534E+03
 2.10897E+03	 1.58600E+03
 2.11125E+03	 1.58512E+03
 2.11352E+03	 1.58306E+03
 2.11580E+03	 1.59514E+03
 2.11808E+03	 1.58622E+03
 2.12035E+03	 1.58640E+03
 2.12263E+03	 1.59062E+03
 2.12490E+03	 1.58734E+03
 2.12718E+03	 1.59130E+03
 2.12945E+03	 1.58738E+03
 2.13172E+03	 1.59336E+03
 2.13399E+03	 1.59042E+03
 2.13626E+03	 1.59122E+03
 2.13853E+03	 1.58830E+03
 2.14080E+03	 1.59628E+03
 2.14307E+03	 1.59340E+03
 2.14534E+03	 1.59346E+03
 2.14761E+03	 1.59252E+03
 2.14988E+03	 1.59372E+03
 2.15214E+03	 1.59464E+03
 2.15441E+03	 1.59748E+03
 2.15667E+03	 1.59478E+03
 2.15894E+03	 1.59974E+03
 2.16120E+03	 1.59114E+03
 2.16346E+03	 1.59738E+03
 2.16573E+03	 1.59812E+03
 2.16799E+03	 1.59750E+03
 2.17025E+03	 1.60130E+03
 2.17251E+03	 1.60784E+03
 2.17477E+03	 1.60222E+03
 2.17703E+03	 1.60210E+03
 2.17929E+03	 1.59766E+03
 2.18154E+03	 1.60124E+03
 2.18380E+03	 1.59972E+03
 2.18606E+03	 1.60082E+03
 2.18831E+03	 1.60418E+03
 2.19057E+03	 1.59898E+03
 2.19282E+03	 1.59886E+03
 2.19508E+03	 1.60424E+03
 2.19733E+03	 1.60534E+03
 2.19958E+03	 1.60582E+03
 2.20183E+03	 1.60506E+03
 2.20409E+03	 1.60706E+03
 2.20634E+03	 1.59962E+03
 2.20859E+03	 1.60972E+03
 2.21083E+03	 1.60232E+03
 2.21308E+03	 1.60922E+03
 2.21533E+03	 1.60848E+03
 2.21758E+03	 1.59968E+03
 2.21982E+03	 1.60702E+03
 2.22207E+03	 1.60508E+03
 2.22432E+03	 1.60542E+03
 2.22656E+03	 1.60810E+03
 2.22880E+03	 1.60620E+03
 2.23105E+03	 1.60452E+03
 2.23329E+03	 1.61102E+03
 2.23553E+03	 1.60742E+03
 2.23777E+03	 1.60644E+03
 2.24001E+03	 1.60636E+03
 2.24225E+03	 1.61210E+03
 2.24449E+03	 1.60720E+03
 2.24673E+03	 1.61316E+03
 2.24897E+03	 1.61340E+03
 2.25121E+03	 1.61432E+03
 2.25344E+03	 1.61406E+03
 2.25568E+03	 1.61246E+03
 2.25791E+03	 1.61486E+03
 2.26015E+03	 1.61320E+03
 2.26238E+03	 1.61740E+03
 2.26462E+03	 1.61620E+03
 2.26685E+03	 1.62016E+03
 2.26908E+03	 1.61812E+03
 2.27131E+03	 1.61886E+03
 2.27354E+03	 1.61538E+03
 2.27577E+03	 1.62112E+03
 2.27800E+03	 1.61948E+03
 2.28023E+03	 1.61804E+03
 2.28246E+03	 1.62144E+03
 2.28469E+03	 1.62576E+03
 2.28692E+03	 1.62126E+03
 2.28914E+03	 1.62690E+03
 2.29137E+03	 1.62302E+03
 2.29359E+03	 1.62376E+03
 2.29582E+03	 1.62480E+03
 2.29804E+03	 1.62864E+03
 2.30026E+03	 1.62020E+03
 2.30249E+03	 1.62522E+03
 2.30471E+03	 1.62124E+03
 2.30693E+03	 1.62918E+03
 2.30915E+03	 1.62316E+03
 2.31137E+03	 1.62566E+03
 2.31359E+03	 1.62490E+03
 2.31581E+03	 1.63058E+03
 2.31802E+03	 1.62702E+03
 2.32024E+03	 1.62612E+03
 2.32246E+03	 1.62814E+03
 2.32467E+03	 1.62304E+03
 2.32689E+03	 1.62326E+03
 2.32910E+03	 1.63370E+03
 2.33132E+03	 1.63026E+03
 2.33353E+03	 1.62906E+03
 2.33574E+03	 1.62844E+03
 2.33796E+03	 1.63268E+03
 2.34017E+03	 1.62816E+03
 2.34238E+03	 1.62910E+03
 2.34459E+03	 1.63472E+03
 2.34680E+03	 1.63270E+03
 2.34901E+03	 1.63304E+03
 2.35121E+03	 1.63306E+03
 2.35342E+03	 1.63764E+03
 2.35563E+03	 1.63938E+03
 2.35784E+03	 1.63736E+03
 2.36004E+03	 1.63730E+03
 2.36225E+03	 1.63732E+03
 2.36445E+03	 1.63306E+03
 2.36665E+03	 1.63980E+03
 2.36886E+03	 1.63864E+03
 2.37106E+03	 1.63524E+03
 2.37326E+03	 1.64238E+03
 2.37546E+03	 1.64138E+03
 2.37766E+03	 1.64044E+03
 2.37986E+03	 1.64264E+03
 2.38206E+03	 1.63834E+03
 2.38426E+03	 1.64190E+03
 2.38646E+03	 1.64194E+03
 2.38866E+03	 1.63890E+03
 2.39085E+03	 1.64324E+03
 2.39305E+03	 1.64852E+03
 2.39525E+03	 1.64612E+03
 2.39744E+03	 1.64578E+03
 2.39963E+03	 1.64230E+03
 2.40183E+03	 1.64614E+03
 2.40402E+03	 1.64390E+03
 2.40621E+03	 1.64132E+03
 2.40841E+03	 1.64392E+03
 2.41060E+03	 1.64506E+03
 2.41279E+03	 1.64578E+03
 2.41498E+03	 1.64944E+03
 2.41717E+03	 1.64744E+03
 2.41935E+03	 1.65096E+03
 2.42154E+03	 1.64924E+03
 2.42373E+03	 1.65456E+03
 2.42592E+03	 1.65026E+03
 2.42810E+03	 1.64914E+03
 2.43029E+03	 1.65162E+03
 2.43247E+03	 1.64886E+03
 2.43466E+03	 1.64998E+03
 2.43684E+03	 1.65572E+03
 2.43902E+03	 1.64598E+03
 2.44121E+03	 1.65446E+03
 2.44339E+03	 1.65554E+03
 2.44557E+03	 1.65852E+03
 2.44775E+03	 1.65286E+03
 2.44993E+03	 1.65240E+03
 2.45211E+03	 1.65662E+03
 2.45429E+03	 1.65728E+03
 2.45646E+03	 1.65890E+03
 2.45864E+03	 1.65776E+03
 2.46082E+03	 1.66152E+03
 2.46299E+03	 1.65840E+03
 2.46517E+03	 1.66404E+03
 2.46734E+03	 1.65676E+03
 2.46952E+03	 1.66154E+03
 2.47169E+03	 1.65766E+03
 2.47386E+03	 1.66286E+03
 2.47604E+03	 1.66622E+03
 2.47821E+03	 1.66244E+03
 2.48038E+03	 1.66522E+03
 2.48255E+03	 1.66432E+03
 2.48472E+03	 1.67440E+03
 2.48689E+03	 1.67102E+03
 2.48906E+03	 1.67136E+03
 2.49123E+03	 1.67388E+03
 2.49339E+03	 1.67106E+03
 2.49556E+03	 1.67044E+03
 2.49773E+03	 1.67352E+03
 2.49989E+03	 1.67944E+03
 2.50206E+03	 1.67868E+03
 2.50422E+03	 1.67718E+03
 2.50638E+03	 1.67698E+03
 2.50855E+03	 1.67364E+03
 2.51071E+03	 1.67962E+03
 2.51287E+03	 1.67958E+03
 2.51503E+03	 1.67520E+03
 2.51719E+03	 1.67922E+03
 2.51935E+03	 1.67316E+03
 2.52151E+03	 1.68346E+03
 2.52367E+03	 1.68304E+03
 2.52583E+03	 1.67920E+03
 2.52799E+03	 1.67968E+03
 2.53014E+03	 1.68574E+03
 2.53230E+03	 1.67944E+03
 2.53445E+03	 1.68042E+03
 2.53661E+03	 1.68018E+03
 2.53876E+03	 1.68614E+03
 2.54092E+03	 1.68200E+03
 2.54307E+03	 1.68442E+03
 2.54522E+03	 1.68350E+03
 2.54738E+03	 1.68864E+03
 2.54953E+03	 1.68982E+03
 2.55168E+03	 1.68446E+03
 2.55383E+03	 1.69046E+03
 2.55598E+03	 1.68784E+03
 2.55813E+03	 1.68572E+03
 2.56027E+03	 1.69040E+03
 2.56242E+03	 1.69102E+03
 2.56457E+03	 1.68932E+03
 2.56671E+03	 1.68964E+03
 2.56886E+03	 1.68826E+03
 2.57101E+03	 1.68926E+03
 2.57315E+03	 1.69220E+03
 2.57529E+03	 1.69580E+03
 2.57744E+03	 1.69262E+03
 2.57958E+03	 1.69520E+03
 2.58172E+03	 1.68964E+03
 2.58386E+03	 1.69280E+03
 2.58601E+03	 1.69222E+03
 2.58815E+03	 1.69274E+03
 2.59029E+03	 1.69478E+03
 2.59242E+03	 1.69860E+03
 2.59456E+03	 1.69894E+03
 2.59670E+03	 1.69438E+03
 2.59884E+03	 1.69500E+03
 2.60097E+03	 1.69924E+03
 2.60311E+03	 1.70200E+03
 2.60525E+03	 1.70168E+03
 2.60738E+03	 1.70228E+03
 2.60952E+03	 1.69650E+03
 2.61165E+03	 1.69746E+03
 2.61378E+03	 1.70094E+03
 2.61591E+03	 1.70262E+03
 2.61805E+03	 1.70942E+03
 2.62018E+03	 1.70828E+03
 2.62231E+03	 1.70198E+03
 2.62444E+03	 1.69804E+03
 2.62657E+03	 1.70614E+03
 2.62870E+03	 1.70704E+03
 2.63082E+03	 1.70992E+03
 2.63295E+03	 1.70428E+03
 2.63508E+03	 1.70796E+03
 2.63721E+03	 1.71028E+03
 2.63933E+03	 1.71528E+03
 2.64146E+03	 1.71004E+03
 2.64358E+03	 1.70856E+03
 2.64571E+03	 1.71496E+03
 2.64783E+03	 1.70992E+03
 2.64995E+03	 1.71410E+03
 2.65207E+03	 1.71102E+03
 2.65420E+03	 1.71770E+03
 2.65632E+03	 1.71754E+03
 2.65844E+03	 1.71830E+03
 2.66056E+03	 1.72178E+03
 2.66268E+03	 1.71984E+03
 2.66480E+03	 1.72120E+03
 2.66691E+03	 1.71812E+03
 2.66903E+03	 1.71746E+03
 2.67115E+03	 1.72126E+03
 2.67326E+03	 1.72084E+03
 2.67538E+03	 1.72594E+03
 2.67749E+03	 1.72198E+03
 2.67961E+03	 1.72040E+03
 2.68172E+03	 1.72540E+03
 2.68384E+03	 1.72288E+03
 2.68595E+03	 1.73054E+03
 2.68806E+03	 1.73156E+03
 2.69017E+03	 1.73058E+03
 2.69228E+03	 1.72916E+03
 2.69439E+03	 1.72390E+03
 2.69650E+03	 1.72394E+03
 2.69861E+03	 1.73634E+03
 2.70072E+03	 1.73520E+03
 2.70283E+03	 1.72460E+03
 2.70494E+03	 1.73562E+03
 2.70704E+03	 1.72818E+03
 2.70915E+03	 1.72974E+03
 2.71126E+03	 1.73200E+03
 2.71336E+03	 1.73564E+03
 2.71546E+03	 1.73704E+03
 2.71757E+03	 1.73576E+03
 2.71967E+03	 1.74190E+03
 2.72177E+03	 1.74096E+03
 2.72388E+03	 1.73352E+03
 2.72598E+03	 1.74662E+03
 2.72808E+03	 1.74994E+03
 2.73018E+03	 1.73970E+03
 2.73228E+03	 1.74316E+03
 2.73438E+03	 1.74442E+03
 2.73648E+03	 1.74060E+03
 2.73857E+03	 1.74206E+03
 2.74067E+03	 1.75004E+03
 2.74277E+03	 1.74664E+03
 2.74486E+03	 1.75094E+03
 2.74696E+03	 1.74452E+03
 2.74905E+03	 1.74770E+03
 2.75115E+03	 1.75110E+03
 2.75324E+03	 1.74416E+03
 2.75534E+03	 1.74548E+03
 2.75743E+03	 1.74308E+03
 2.75952E+03	 1.74576E+03
 2.76161E+03	 1.75208E+03
 2.76370E+03	 1.74876E+03
 2.76579E+03	 1.75020E+03
 2.76788E+03	 1.75436E+03
 2.76997E+03	 1.74702E+03
 2.77206E+03	 1.74918E+03
 2.77415E+03	 1.74950E+03
 2.77624E+03	 1.75800E+03
 2.77832E+03	 1.75362E+03
 2.78041E+03	 1.75216E+03
 2.78250E+03	 1.75172E+03
 2.78458E+03	 1.75756E+03
 2.78666E+03	 1.75156E+03
 2.78875E+03	 1.75602E+03
 2.79083E+03	 1.75592E+03
 2.79291E+03	 1.75344E+03
 2.79500E+03	 1.75634E+03
 2.79708E+03	 1.75676E+03
 2.79916E+03	 1.75394E+03
 2.80124E+03	 1.76324E+03
 2.80332E+03	 1.75730E+03
 2.80540E+03	 1.75250E+03
 2.80748E+03	 1.75716E+03
 2.80956E+03	 1.75422E+03
 2.81163E+03	 1.75210E+03
 2.81371E+03	 1.75456E+03
 2.81579E+03	 1.76126E+03
 2.81786E+03	 1.75648E+03
 2.81994E+03	 1.76016E+03
 2.82201E+03	 1.75702E+03
 2.82409E+03	 1.75998E+03
 2.82616E+03	 1.76396E+03
 2.82823E+03	 1.76306E+03
 2.83031E+03	 1.76400E+03
 2.83238E+03	 1.76130E+03
 2.83445E+03	 1.76804E+03
 2.83652E+03	 1.76756E+03
 2.83859E+03	 1.76324E+03
 2.84066E+03	 1.77178E+03
 2.84273E+03	 1.76540E+03
 2.84480E+03	 1.77132E+03
 2.84686E+03	 1.76954E+03
 2.84893E+03	 1.77088E+03
 2.85100E+03	 1.77212E+03
 2.85306E+03	 1.77392E+03
 2.85513E+03	 1.76764E+03
 2.85719E+03	 1.76906E+03
 2.85926E+03	 1.77278E+03
 2.86132E+03	 1.78014E+03
 2.86339E+03	 1.77474E+03
 2.86545E+03	 1.77762E+03
 2.86751E+03	 1.77414E+03
 2.86957E+03	 1.78070E+03
 2.87163E+03	 1.78034E+03
 2.87369E+03	 1.77550E+03
 2.87575E+03	 1.77922E+03
 2.87781E+03	 1.77738E+03
 2.87987E+03	 1.78330E+03
 2.88193E+03	 1.78746E+03
 2.88399E+03	 1.78312E+03
 2.88604E+03	 1.78566E+03
 2.88810E+03	 1.78618E+03
 2.89015E+03	 1.78610E+03
 2.89221E+03	 1.78338E+03
 2.89426E+03	 1.78988E+03
 2.89632E+03	 1.78116E+03
 2.89837E+03	 1.79068E+03
 2.90042E+03	 1.79638E+03
 2.90248E+03	 1.78618E+03
 2.90453E+03	 1.78708E+03
 2.90658E+03	 1.79020E+03
 2.90863E+03	 1.79276E+03
 2.91068E+03	 1.78576E+03
 2.91273E+03	 1.79364E+03
 2.91478E+03	 1.78986E+03
 2.91683E+03	 1.79444E+03
 2.91888E+03	 1.79760E+03
 2.92092E+03	 1.79344E+03
 2.92297E+03	 1.80204E+03
 2.92502E+03	 1.79226E+03
 2.92706E+03	 1.80014E+03
 2.92911E+03	 1.80012E+03
 2.93115E+03	 1.79922E+03
 2.93320E+03	 1.79174E+03
 2.93524E+03	 1.79978E+03
 2.93728E+03	 1.79902E+03
 2.93932E+03	 1.79946E+03
 2.94137E+03	 1.79926E+03
 2.94341E+03	 1.80256E+03
 2.94545E+03	 1.80024E+03
 2.94749E+03	 1.79920E+03
 2.94953E+03	 1.79610E+03
 2.95157E+03	 1.80226E+03
 2.95360E+03	 1.79760E+03
 2.95564E+03	 1.79866E+03
 2.95768E+03	 1.80412E+03
 2.95971E+03	 1.80380E+03
 2.96175E+03	 1.79844E+03
 2.96379E+03	 1.80576E+03
 2.96582E+03	 1.79594E+03
 2.96786E+03	 1.80616E+03
 2.96989E+03	 1.80818E+03
 2.97192E+03	 1.80312E+03
 2.97396E+03	 1.81026E+03
 2.97599E+03	 1.80204E+03
 2.97802E+03	 1.80874E+03
 2.98005E+03	 1.80834E+03
 2.98208E+03	 1.81342E+03
 2.98411E+03	 1.81450E+03
 2.98614E+03	 1.81232E+03
 2.98817E+03	 1.80468E+03
 2.99020E+03	 1.80986E+03
 2.99223E+03	 1.80636E+03
 2.99425E+03	 1.80988E+03
 2.99628E+03	 1.81052E+03
 2.99830E+03	 1.81028E+03
 3.00033E+03	 1.81324E+03
 3.00236E+03	 1.80850E+03
 3.00438E+03	 1.81278E+03
 3.00640E+03	 1.81852E+03
 3.00843E+03	 1.81714E+03
 3.01045E+03	 1.82058E+03
 3.01247E+03	 1.81708E+03
 3.01449E+03	 1.81790E+03
 3.01651E+03	 1.82350E+03
 3.01854E+03	 1.81912E+03
 3.02056E+03	 1.81356E+03
 3.02257E+03	 1.83076E+03
 3.02459E+03	 1.82542E+03
 3.02661E+03	 1.82756E+03
 3.02863E+03	 1.82422E+03
 3.03065E+03	 1.82356E+03
 3.03266E+03	 1.82632E+03
 3.03468E+03	 1.82902E+03
 3.03669E+03	 1.83066E+03
 3.03871E+03	 1.83104E+03
 3.04072E+03	 1.82722E+03
 3.04274E+03	 1.83278E+03
 3.04475E+03	 1.83100E+03
 3.04676E+03	 1.83094E+03
 3.04878E+03	 1.84062E+03
 3.05079E+03	 1.83544E+03
 3.05280E+03	 1.83568E+03
 3.05481E+03	 1.84010E+03
 3.05682E+03	 1.83476E+03
 3.05883E+03	 1.84266E+03
 3.06084E+03	 1.84238E+03
 3.06285E+03	 1.84414E+03
 3.06486E+03	 1.83992E+03
 3.06686E+03	 1.83966E+03
 3.06887E+03	 1.84388E+03
 3.07088E+03	 1.83640E+03
 3.07288E+03	 1.83746E+03
 3.07489E+03	 1.84056E+03
 3.07689E+03	 1.84476E+03
 3.07890E+03	 1.84332E+03
 3.08090E+03	 1.83942E+03
 3.08290E+03	 1.84548E+03
 3.08490E+03	 1.84406E+03
 3.08691E+03	 1.84826E+03
 3.08891E+03	 1.84668E+03
 3.09091E+03	 1.84316E+03
 3.09291E+03	 1.84628E+03
 3.09491E+03	 1.84792E+03
 3.09691E+03	 1.84744E+03
 3.09891E+03	 1.85374E+03
 3.10090E+03	 1.84850E+03
 3.10290E+03	 1.85500E+03
 3.10490E+03	 1.84512E+03
 3.10690E+03	 1.84362E+03
 3.10889E+03	 1.84976E+03
 3.11089E+03	 1.84624E+03
 3.11288E+03	 1.84762E+03
 3.11488E+03	 1.84200E+03
 3.11687E+03	 1.84020E+03
 3.11886E+03	 1.84276E+03
 3.12086E+03	 1.85174E+03
 3.12285E+03	 1.84788E+03
 3.12484E+03	 1.84122E+03
 3.12683E+03	 1.84650E+03
 3.12882E+03	 1.84664E+03
 3.13081E+03	 1.84764E+03
 3.13280E+03	 1.85186E+03
 3.13479E+03	 1.85180E+03
 3.13678E+03	 1.85012E+03
 3.13877E+03	 1.84530E+03
 3.14075E+03	 1.85614E+03
 3.14274E+03	 1.85360E+03
 3.14473E+03	 1.85062E+03
 3.14671E+03	 1.84462E+03
 3.14870E+03	 1.84794E+03
 3.15068E+03	 1.84458E+03
 3.15267E+03	 1.85346E+03
 3.15465E+03	 1.85488E+03
 3.15663E+03	 1.85396E+03
 3.15862E+03	 1.85816E+03
 3.16060E+03	 1.85636E+03
 3.16258E+03	 1.85246E+03
 3.16456E+03	 1.85768E+03
 3.16654E+03	 1.85570E+03
 3.16852E+03	 1.85562E+03
 3.17050E+03	 1.86236E+03
 3.17248E+03	 1.85794E+03
 3.17446E+03	 1.85496E+03
 3.17643E+03	 1.85720E+03
 3.17841E+03	 1.86006E+03
 3.18039E+03	 1.86554E+03
 3.18236E+03	 1.85712E+03
 3.18434E+03	 1.86314E+03
 3.18632E+03	 1.87212E+03
 3.18829E+03	 1.86492E+03
 3.19026E+03	 1.87256E+03
 3.19224E+03	 1.87420E+03
 3.19421E+03	 1.87536E+03
 3.19618E+03	 1.86630E+03
 3.19815E+03	 1.87554E+03
 3.20013E+03	 1.86936E+03
 3.20210E+03	 1.87834E+03
 3.20407E+03	 1.87266E+03
 3.20604E+03	 1.87642E+03
 3.20801E+03	 1.87818E+03
 3.20998E+03	 1.87904E+03
 3.21194E+03	 1.88390E+03
 3.21391E+03	 1.88518E+03
 3.21588E+03	 1.88304E+03
 3.21784E+03	 1.89128E+03
 3.21981E+03	 1.88802E+03
 3.22178E+03	 1.88208E+03
 3.22374E+03	 1.88302E+03
 3.22571E+03	 1.88808E+03
 3.22767E+03	 1.88912E+03
 3.22963E+03	 1.88974E+03
 3.23160E+03	 1.89044E+03
 3.23356E+03	 1.89096E+03
 3.23552E+03	 1.88722E+03
 3.23748E+03	 1.89456E+03
 3.23944E+03	 1.89866E+03
 3.24140E+03	 1.89726E+03
 3.24336E+03	 1.88902E+03
 3.24532E+03	 1.89152E+03
 3.24728E+03	 1.89002E+03
 3.24924E+03	 1.90086E+03
 3.25120E+03	 1.89540E+03
 3.25315E+03	 1.89598E+03
 3.25511E+03	 1.89644E+03
 3.25707E+03	 1.90182E+03
 3.25902E+03	 1.89676E+03
 3.26098E+03	 1.90482E+03
 3.26293E+03	 1.89926E+03
 3.26489E+03	 1.89406E+03
 3.26684E+03	 1.90046E+03
 3.26879E+03	 1.89716E+03
 3.27075E+03	 1.89450E+03
 3.27270E+03	 1.89948E+03
 3.27465E+03	 1.90164E+03
 3.27660E+03	 1.89834E+03
 3.27855E+03	 1.89692E+03
 3.28050E+03	 1.90224E+03
 3.28245E+03	 1.90150E+03
 3.28440E+03	 1.90232E+03
 3.28635E+03	 1.89420E+03
 3.28829E+03	 1.89966E+03
 3.29024E+03	 1.90638E+03
 3.29219E+03	 1.89660E+03
 3.29413E+03	 1.90066E+03
 3.29608E+03	 1.90066E+03
 3.29803E+03	 1.90266E+03
 3.29997E+03	 1.89932E+03
 3.30191E+03	 1.89848E+03
 3.30386E+03	 1.89812E+03
 3.30580E+03	 1.90078E+03
 3.30774E+03	 1.90468E+03
 3.30969E+03	 1.90726E+03
 3.31163E+03	 1.90416E+03
 3.31357E+03	 1.89976E+03
 3.31551E+03	 1.91102E+03
 3.31745E+03	 1.89754E+03
 3.31939E+03	 1.91032E+03
 3.32133E+03	 1.90798E+03
 3.32327E+03	 1.90870E+03
 3.32520E+03	 1.91328E+03
 3.32714E+03	 1.90496E+03
 3.32908E+03	 1.90840E+03
 3.33102E+03	 1.90772E+03
 3.33295E+03	 1.91912E+03
 3.33489E+03	 1.91434E+03
 3.33682E+03	 1.91766E+03
 3.33876E+03	 1.91292E+03
 3.34069E+03	 1.91226E+03
 3.34262E+03	 1.91612E+03
 3.34456E+03	 1.91998E+03
 3.34649E+03	 1.92246E+03
 3.34842E+03	 1.92662E+03
 3.35035E+03	 1.92080E+03
 3.35228E+03	 1.91580E+03
 3.35421E+03	 1.91804E+03
 3.35614E+03	 1.91818E+03
 3.35807E+03	 1.91980E+03
 3.36000E+03	 1.92866E+03
 3.36193E+03	 1.92486E+03
 3.36386E+03	 1.92750E+03
 3.36578E+03	 1.92368E+03
 3.36771E+03	 1.92758E+03
 3.36964E+03	 1.93284E+03
 3.37156E+03	 1.92922E+03
 3.37349E+03	 1.93388E+03
 3.37541E+03	 1.93310E+03
 3.37734E+03	 1.93850E+03
 3.37926E+03	 1.93412E+03
 3.38118E+03	 1.93236E+03
 3.38311E+03	 1.93970E+03
 3.38503E+03	 1.93904E+03
 3.38695E+03	 1.94286E+03
 3.38887E+03	 1.93940E+03
 3.39079E+03	 1.93588E+03
 3.39271E+03	 1.94338E+03
 3.39463E+03	 1.94382E+03
 3.39655E+03	 1.94238E+03
 3.39847E+03	 1.94286E+03
 3.40039E+03	 1.95056E+03
 3.40231E+03	 1.94492E+03
 3.40422E+03	 1.93890E+03
 3.40614E+03	 1.95606E+03
 3.40806E+03	 1.94856E+03
 3.40997E+03	 1.95188E+03
 3.41189E+03	 1.94928E+03
 3.41380E+03	 1.95368E+03
 3.41571E+03	 1.95532E+03
 3.41763E+03	 1.94744E+03
 3.41954E+03	 1.95698E+03
 3.42145E+03	 1.95866E+03
 3.42337E+03	 1.95406E+03
 3.42528E+03	 1.95912E+03
 3.42719E+03	 1.95756E+03
 3.42910E+03	 1.95158E+03
 3.43101E+03	 1.95440E+03
 3.43292E+03	 1.95554E+03
 3.43483E+03	 1.95492E+03
 3.43674E+03	 1.95776E+03
 3.43864E+03	 1.95346E+03
 3.44055E+03	 1.96076E+03
 3.44246E+03	 1.96500E+03
 3.44437E+03	 1.94728E+03
 3.44627E+03	 1.95578E+03
 3.44818E+03	 1.95380E+03
 3.45008E+03	 1.95656E+03
 3.45199E+03	 1.95944E+03
 3.45389E+03	 1.96506E+03
 3.45579E+03	 1.95744E+03
 3.45770E+03	 1.96038E+03
 3.45960E+03	 1.96220E+03
 3.46150E+03	 1.95848E+03
 3.46340E+03	 1.95820E+03
 3.46530E+03	 1.95976E+03
 3.46721E+03	 1.95920E+03
 3.46911E+03	 1.96462E+03
 3.47101E+03	 1.96308E+03
 3.47290E+03	 1.96168E+03
 3.47480E+03	 1.96324E+03
 3.47670E+03	 1.96960E+03
 3.47860E+03	 1.96384E+03
 3.48050E+03	 1.96492E+03
 3.48239E+03	 1.96800E+03
 3.48429E+03	 1.97674E+03
 3.48618E+03	 1.97328E+03
 3.48808E+03	 1.96820E+03
 3.48997E+03	 1.96912E+03
 3.49187E+03	 1.96678E+03
 3.49376E+03	 1.98056E+03
 3.49565E+03	 1.97658E+03
 3.49755E+03	 1.97472E+03
 3.49944E+03	 1.96928E+03
 3.50133E+03	 1.97614E+03
 3.50322E+03	 1.98026E+03
 3.50511E+03	 1.98064E+03
 3.50700E+03	 1.97842E+03
 3.50889E+03	 1.97318E+03
 3.51078E+03	 1.97840E+03
 3.51267E+03	 1.97916E+03
 3.51456E+03	 1.98022E+03
 3.51645E+03	 1.98972E+03
 3.51833E+03	 1.98572E+03
 3.52022E+03	 1.98564E+03
 3.52211E+03	 1.98648E+03
 3.52399E+03	 1.97864E+03
 3.52588E+03	 1.98408E+03
 3.52776E+03	 1.98544E+03
 3.52965E+03	 1.98126E+03
 3.53153E+03	 1.99194E+03
 3.53341E+03	 1.99018E+03
 3.53530E+03	 1.99130E+03
 3.53718E+03	 1.99448E+03
 3.53906E+03	 1.99192E+03
 3.54094E+03	 1.99658E+03
 3.54282E+03	 1.99520E+03
 3.54470E+03	 1.99654E+03
 3.54658E+03	 2.00078E+03
 3.54846E+03	 1.99614E+03
 3.55034E+03	 1.99930E+03
 3.55222E+03	 1.99392E+03
 3.55410E+03	 2.00760E+03
 3.55598E+03	 2.00182E+03
 3.55785E+03	 2.00278E+03
 3.55973E+03	 2.00006E+03
 3.56161E+03	 2.00096E+03
 3.56348E+03	 2.00280E+03
 3.56536E+03	 2.00316E+03
 3.56723E+03	 2.00954E+03
 3.56910E+03	 2.01296E+03
 3.57098E+03	 2.01328E+03
 3.57285E+03	 2.01366E+03
 3.57472E+03	 2.00306E+03
 3.57660E+03	 2.01388E+03
 3.57847E+03	 2.01534E+03
 3.58034E+03	 2.00658E+03
 3.58221E+03	 2.00712E+03
 3.58408E+03	 2.01362E+03
 3.58595E+03	 2.01214E+03
 3.58782E+03	 2.02038E+03
 3.58969E+03	 2.02036E+03
 3.59156E+03	 2.00664E+03
 3.59342E+03	 2.01988E+03
 3.59529E+03	 2.01080E+03
 3.59716E+03	 2.01422E+03
 3.59902E+03	 2.01878E+03
 3.60089E+03	 2.01774E+03
 3.60275E+03	 2.01032E+03
 3.60462E+03	 2.02298E+03
 3.60648E+03	 2.02190E+03
 3.60835E+03	 2.02220E+03
 3.61021E+03	 2.02964E+03
 3.61207E+03	 2.02446E+03
 3.61394E+03	 2.02568E+03
 3.61580E+03	 2.01968E+03
 3.61766E+03	 2.02014E+03
 3.61952E+03	 2.02672E+03
 3.62138E+03	 2.02546E+03
 3.62324E+03	 2.02984E+03
 3.62510E+03	 2.02826E+03
 3.62696E+03	 2.02656E+03
 3.62882E+03	 2.02028E+03
 3.63068E+03	 2.02262E+03
 3.63254E+03	 2.02996E+03
 3.63439E+03	 2.02558E+03
 3.63625E+03	 2.03420E+03
 3.63811E+03	 2.03298E+03
 3.63996E+03	 2.02894E+03
 3.64182E+03	 2.02620E+03
 3.64367E+03	 2.03738E+03
 3.64553E+03	 2.02678E+03
 3.64738E+03	 2.03502E+03
 3.64923E+03	 2.03944E+03
 3.65109E+03	 2.03206E+03
 3.65294E+03	 2.03740E+03
 3.65479E+03	 2.04802E+03
 3.65664E+03	 2.03886E+03
 3.65849E+03	 2.04574E+03
 3.66034E+03	 2.03266E+03
 3.66219E+03	 2.04266E+03
 3.66404E+03	 2.04720E+03
 3.66589E+03	 2.05212E+03
 3.66774E+03	 2.04616E+03
 3.66959E+03	 2.04462E+03
 3.67144E+03	 2.04984E+03
 3.67328E+03	 2.05610E+03
 3.67513E+03	 2.04866E+03
 3.67698E+03	 2.05224E+03
 3.67882E+03	 2.04950E+03
 3.68067E+03	 2.05890E+03
 3.68251E+03	 2.05942E+03
 3.68436E+03	 2.05678E+03
 3.68620E+03	 2.05342E+03
 3.68804E+03	 2.05732E+03
 3.68989E+03	 2.06296E+03
 3.69173E+03	 2.06228E+03
 3.69357E+03	 2.05726E+03
 3.69541E+03	 2.06728E+03
 3.69725E+03	 2.06146E+03
 3.69909E+03	 2.06792E+03
 3.70093E+03	 2.06156E+03
 3.70277E+03	 2.06180E+03
 3.70461E+03	 2.06022E+03
 3.70645E+03	 2.07324E+03
 3.70829E+03	 2.07072E+03
 3.71013E+03	 2.06232E+03
 3.71197E+03	 2.06928E+03
 3.71380E+03	 2.07064E+03
 3.71564E+03	 2.07636E+03
 3.71747E+03	 2.06972E+03
 3.71931E+03	 2.06004E+03
 3.72115E+03	 2.07498E+03
 3.72298E+03	 2.07202E+03
 3.72481E+03	 2.07586E+03
 3.72665E+03	 2.06786E+03
 3.72848E+03	 2.08050E+03
 3.73031E+03	 2.08936E+03
 3.73214E+03	 2.08056E+03
